0000000000f9_00a6 1400785250.49
0000000000f9_00a9 1400785250.54
0000000000f9_00ab 1400786450.26
0000000000f9_00a7 1400787650.32
0000000000f9_00a4 1400787650.32
0000000000f9_00a9 1400785467.64 1 1.11
0000000000f9_00a3 1400785250.37
0000000000f9_00a6 1400785446.6 1,4 4.26,6.99
0000000000f9_00ab 1400786553.37 1,1 2.83,17.54
0000000000f9_00a5 1400786450.5
0000000000f9_00a3 1400785533.48 1 0.82
0000000000f9_0007 1400786450.3
0000000000f9_00a6 1400785546.71 1,4 14.90,20.36
0000000000f9_00ab 1400786700.48 1,1 32.70,45.31
0000000000f9_00aa 1400787650.26
0000000000f9_00ab 1400786809.58 1,1 37.33,22.73
0000000000f9_0096 1400787651.83
0000000000f9_00a6 1400785705.77 1,4,1 16.59,19.19,3.10
0000000000f9_00a3 1400785683.59 1,1 23.67,3.09
0000000000f9_0007 1400786670.44 15,4 141.68,5.10
0000000000f9_00ab 1400786990.66 1,1 13.25,6.28
0000000000f9_00a4 1400787790.41 1,8,1 5.14,88.92,6.94
0000000000f9_00a3 1400785818.7 1,1 40.53,39.65
0000000000f9_00aa 1400787927.37 11,11,1,5 86.26,463.66,3.51,83.21
0000000000f9_00a8 1400786450.77
0000000000f9_00a9 1400785651.75 1,1 25.63,2.26
0000000000f9_00ab 1400787253.77 1,1 30.30,16.11
0000000000f9_0057 1400786450.43
0000000000f9_0052 1400787650.98
0000000000f9_0065 1400786450.58
0000000000f9_0007 1400786820.57 15,4 212.18,30.02
0000000000f9_008c 1400785250.96
0000000000f9_0096 1400787834.88 4,4,4 35.94,8.96,6.30
0000000000f9_00a3 1400785910.8 1,1 16.70,16.35
0000000000f9_00a4 1400788023.51 1,8,1 85.36,86.94,30.13
0000000000f9_00a6 1400785880.89 1,4,1 25.20,29.43,27.36
0000000000f9_0068 1400786450.53
0000000000f9_00aa 1400788110.47 11,11,1,5 86.26,97.54,9.18,83.21
0000000000f9_00a7 1400787743.42 1,1,1,30,1 5.24,2.51,9.60,6.41,10.70
0000000000f9_00ab 1400787372.89 1,1 4.85,3.45
0000000000f9_008c 1400785432.11
0000000000f9_00a3 1400786087.92 1,1 27.31,28.37
0000000000f9_00a5 1400786597.59 1,1,1 3.07,1.95,7.31
0000000000f9_0058 1400785250.65
0000000000f9_00a4 1400788248.62 1,8,1 4.07,108.33,7.94
0000000000f9_0007 1400787000.67 15,4 177.82,30.13
0000000000f9_00ab 1400787451.98 1,1 19.97,11.61
0000000000f9_0057 1400786636.47 1 3.63
0000000000f9_0066 1400785250.78
0000000000f9_00a9 1400785739.83 1,1 41.76,43.30
0000000000f9_00aa 1400788248.57 11,11,1,5 90.39,108.92,23.06,97.65
0000000000f9_0034 1400785422.98
0000000000f9_00a3 1400786286.0 1,1 41.16,40.71
0000000000f9_008c 1400785533.31
0000000000f9_0065 1400786655.67 2,1 4.78,10.67
0000000000f9_00a6 1400785983.96 1,4,1 29.97,6.92,39.69
0000000000f9_00a8 1400786537.85 1 4.05
0000000000f9_00a7 1400787852.53 1,1,1,30,1 29.58,27.14,22.65,34.13,20.16
0000000000f9_0076 1400787650.8
0000000000f9_0068 1400786561.67 1 4.88
0000000000f9_00a5 1400786851.7 1,1,1,1 22.31,1.79,1.91,20.94
0000000000f9_0058 1400785343.7
0000000000f9_0055 1400785250.7
0000000000f9_00a4 1400788510.72 1,8,1 4.07,104.56,7.04
0000000000f9_0007 1400787189.78 15,4 199.32,30.30
0000000000f9_00a3 1400786477.1 1,1 31.98,32.69
0000000000f9_003f 1400785250.93
0000000000f9_00a9 1400785974.92 1,1 18.62,19.22
0000000000f9_00aa 1400788431.67 11,11,1,5 104.90,100.52,5.37,87.89
0000000000f9_00ab 1400787525.07 1,1 18.32,10.60
0000000000f9_00a8 1400786600.91 1 54.47
0000000000f9_0096 1400787983.03 4,4,4 190.73,18.79,39.20
0000000000f9_0055 1400785473.91
0000000000f9_00a5 1400786984.81 1,1,1,1 34.10,26.85,59.57,6.53
0000000000f9_00a4 1400788587.81 1,8,1 3.45,97.70,4.06
0000000000f9_0066 1400785372.91 6.74,15.27
0000000000f9_00a7 1400788060.64 1,1,1,30,5,1 1.57,1.79,1.90,76.48,83.35,43.05
0000000000f9_0068 1400786631.74 1 153.61
0000000000f9_0065 1400786784.81 2,1 141.58,135.57
0000000000f9_0057 1400786723.58 13,1 134.14,128.80
0000000000f9_00a3 1400786651.21 1,1,1 33.89,5.05,34.62
0000000000f9_0007 1400787466.89 15,4 218.11,24.50
0000000000f9_008c 1400785646.49 4 10.05
0000000000f9_00a9 1400786101.02 1,1 35.54,35.19
0000000000f9_0034 1400785635.11 1 5.80
0000000000f9_0082 1400786450.45
0000000000f9_003f 1400785359.04 4 11.06
0000000000f9_0076 1400787948.98 1,1 8.71,6.39
0000000000f9_00aa 1400788603.78 11,11,1,5 104.90,94.37,22.46,84.45
0000000000f9_00ab 1400787723.18 1,1 35.18,41.04
0000000000f9_00a4 1400788657.89 1,8,1 3.45,98.92,4.26
0000000000f9_0058 1400785642.84 8,1 113.06,3.26
0000000000f9_00a8 1400786866.01 1 51.97
0000000000f9_00a5 1400787058.87 1,1,1,1 13.81,21.44,59.56,6.54
0000000000f9_00a3 1400786855.32 1,1,1 41.90,40.06,8.40
0000000000f9_00a9 1400786240.12 1,1 37.05,38.43
0000000000f9_0007 1400787576.03 15,4 216.62,25.76
0000000000f9_0068 1400786844.78 1 3.97
0000000000f9_00a7 1400788264.74 1,1,1,30,5,1 2.78,2.51,25.43,53.71,83.72,24.88
0000000000f9_0055 1400785621.06 1 6.35
0000000000f9_00a4 1400788794.01 1,8,1 57.02,98.33,4.79
0000000000f9_00a6 1400786169.06 1,4,1 29.12,30.47,27.12
0000000000f9_0066 1400785642.04 89.42,7.24
0000000000f9_008c 1400785889.58 4 7.86
0000000000f9_00ab 1400787932.31 1,5,1 31.75,86.67,4.26
0000000000f9_0065 1400786900.97 2,1 154.68,28.18
0000000000f9_0034 1400785810.25 1 109.00
0000000000f9_0057 1400786900.71 13,1 192.05,23.19
0000000000f9_00a8 1400787018.13 1 14.79
0000000000f9_00a5 1400787354.95 1,1,1,1 1.56,1.11,1.80,10.46
0000000000f9_00a3 1400787071.4 1,1,1 22.02,59.11,15.94
0000000000f9_00a9 1400786436.19 1,1 17.48,18.14
0000000000f9_0076 1400788030.11 1,1,5 170.25,130.26,188.60
0000000000f9_00a6 1400786266.16 1,4,1 25.24,35.60,16.98
0000000000f9_00ab 1400788106.4 1,5,1 3.56,86.46,24.39
0000000000f9_0007 1400787749.13 15,4 182.22,7.66
0000000000f9_0082 1400786541.56 2 18.26
0000000000f9_0058 1400785822.96 8,1 118.58,63.30
0000000000f9_0068 1400787021.94 18.00
0000000000f9_0055 1400785773.28 1 20.03
0000000000f9_00a7 1400788377.84 1,1,1,30,5,1 15.70,16.41,18.10,21.14,85.99,3.24
0000000000f9_008c 1400786165.73 4 12.69
0000000000f9_0096 1400788091.17 4,4,4 232.01,55.48,47.43
0000000000f9_00a3 1400787132.49 1,1,1 23.54,3.09,7.84
0000000000f9_003f 1400785635.17 4,4 29.69,7.12
0000000000f9_001c 1400786451.77
0000000000f9_00a5 1400787616.05 1,1,1,1 1.87,1.70,27.26,15.52
0000000000f9_0034 1400785903.38 1 67.73
0000000000f9_0065 1400787165.2 2,1 168.35,41.03
0000000000f9_00a9 1400786657.31 1,1,1,1 1.74,48.17,8.21,47.38
0000000000f9_00a8 1400787220.24 1 4.16
0000000000f9_00a6 1400786393.29 1,4,1 26.90,30.14,23.61
0000000000f9_00ab 1400788306.51 1,5,1 2.08,84.09,39.28
0000000000f9_0096 1400788246.33 4,4,4 168.68,32.32,62.72
0000000000f9_0057 1400787173.9 13,1 141.19,26.29
0000000000f9_0007 1400787982.18 15,7,4 165.43,88.86,30.24
0000000000f9_0055 1400786013.43 1 7.14
0000000000f9_008c 1400786417.94 4 39.68
0000000000f9_0066 1400785871.11 1 101.29,99.52,96.89
0000000000f9_0068 1400787252.05 1 4.01
0000000000f9_00a3 1400787358.58 1,1,1 2.71,2.02,8.67
0000000000f9_00a7 1400788607.95 1,1,1,30,5,1 33.89,19.76,1.92,44.76,85.28,6.08
0000000000f9_00ab 1400788533.61 1,5,1 5.71,84.10,9.93
0000000000f9_00a9 1400786737.4 1,1,1,1 1.74,13.40,2.02,7.98
0000000000f9_0058 1400785956.11 8,1 147.71,80.03
0000000000f9_00a6 1400786626.4 1,4,1 30.75,29.85,26.72
0000000000f9_00a5 1400787893.15 1,1,1,1,5,1 1.60,21.29,30.00,60.61,83.26,13.21
0000000000f9_0034 1400786082.52 1 66.93
0000000000f9_00a8 1400787466.37 1 6.10
0000000000f9_0065 1400787275.42 2,1 140.74,61.82
0000000000f9_0082 1400786696.67 2,2 5.78,196.68
0000000000f9_00a3 1400787563.66 1,1,1 10.28,27.86,8.75
0000000000f9_003f 1400785909.36 4,4 39.26,125.18
0000000000f9_0055 1400786149.58 1 92.06
0000000000f9_008c 1400786682.09 4 27.00
0000000000f9_0096 1400788449.48 4,4,4 48.05,8.68,80.09
0000000000f9_00ab 1400788741.71 1,5,1 1.76,84.31,9.26
0000000000f9_0007 1400788062.3 15,7,4 165.43,213.44,110.61
0000000000f9_0068 1400787316.16 67.37
0000000000f9_00a9 1400786928.51 1,1,1,1 42.72,21.35,62.91,19.19
0000000000f9_00a7 1400788670.01 1,1,1,30,5,1 28.96,28.70,27.67,55.03,125.40,4.52
0000000000f9_0057 1400787369.02 13,1 205.05,23.13
0000000000f9_00a6 1400786858.5 1,4,1 41.04,56.46,56.02
0000000000f9_003f 1400786069.45 4,4 15.00,190.25
0000000000f9_00a8 1400787748.48 1 13.29
0000000000f9_00a3 1400787725.73 1,1,1 9.52,51.97,9.85
0000000000f9_0066 1400786089.25 1 108.99,105.01,103.64
0000000000f9_00a5 1400788058.26 1,1,1,1,5,1 1.60,10.71,36.02,49.67,107.42,26.87
0000000000f9_0034 1400786264.66 1 80.61
0000000000f9_001c 1400786715.85 4 43.13
0000000000f9_00ab 1400788844.82 1,5,1 4.12,111.85,46.83
0000000000f9_0058 1400786037.18 8,1 147.61,84.64
0000000000f9_0055 1400786441.79 1 6.64
0000000000f9_0065 1400787512.57 2,1 148.67,142.02
0000000000f9_008c 1400786920.16 4 7.62
0000000000f9_00a9 1400787154.63 1,1,1,1 2.74,2.01,7.74,5.59
0000000000f9_0068 1400787541.32 1 5.81
0000000000f9_0007 1400788290.43 15,7,4 165.43,89.67,96.57
0000000000f9_00a7 1400788799.12 1,1,1,30,5,1 31.32,28.13,24.86,62.68,136.76,4.23
0000000000f9_00a6 1400786921.58 1,4,1 3.54,6.12,18.07
0000000000f9_0082 1400786831.82 2,2 17.28,195.02
0000000000f9_00a9 1400787433.73 1,1,1,1 33.09,1.50,68.44,39.11
0000000000f9_00a3 1400787983.86 1,1,5,1 16.93,1.13,83.78,9.90
0000000000f9_00a5 1400788316.35 1,1,1,1,5,1 1.60,35.44,73.24,39.71,85.37,77.54
0000000000f9_001c 1400786901.99 4 88.22
0000000000f9_0034 1400786503.75 1 67.15
0000000000f9_0057 1400787593.09 13,1 182.47,6.03
0000000000f9_00a8 1400788023.58 5,1 83.04,14.98
0000000000f9_0055 1400786521.96 1 5.84
0000000000f9_0096 1400788692.61 4,4,4 190.65,7.27,14.39
0000000000f9_008c 1400787188.31 4 7.31
0000000000f9_003f 1400786276.59 4,4 77.88,126.27
0000000000f9_00a6 1400787158.7 1,1 55.68,18.96
0000000000f9_0066 1400786218.39 1 104.18,104.49,103.04
0000000000f9_0068 1400787699.46 18.15
0000000000f9_0065 1400787704.79 2,1 171.13,65.83
0000000000f9_0058 1400786260.32 8,1 140.23,72.73
0000000000f9_0007 1400788519.56 15,7,4 165.43,91.38,13.60
0000000000f9_00a9 1400787709.85 1,1,1,1 33.09,58.94,1.95,19.77
0000000000f9_0076 1400788137.23 3,1,1,5 82.20,176.56,294.68,170.88
0000000000f9_003f 1400786427.77 4,4 7.61,131.43
0000000000f9_00a3 1400788210.96 1,1,5,1 21.54,36.58,83.06,18.68
0000000000f9_001c 1400787174.15 4 16.71
0000000000f9_00a5 1400788536.46 1,1,1,1,5,1 1.60,11.10,18.44,1.59,85.35,3.80
0000000000f9_00a6 1400787259.77 1,4,1 54.16,53.47,10.84
0000000000f9_0052 1400787779.12 13,4 160.61,16.67
0000000000f9_008c 1400787444.51 4 31.19
0000000000f9_0096 1400788800.74 4,4,4 201.05,25.90,59.29
0000000000f9_00a8 1400788132.69 5,1 101.15,29.71
0000000000f9_0055 1400786681.16 1,1 49.67,24.85
0000000000f9_0068 1400787955.61 1 4.61
0000000000f9_0082 1400786912.95 2,2 54.99,186.58
0000000000f9_0057 1400787777.22 13,1 204.88,19.19
0000000000f9_00a9 1400787986.89 1,1,1,5,1 3.11,1.14,1.30,83.31,8.28
0000000000f9_0007 1400788744.7 15,7,4 165.43,87.35,116.11
0000000000f9_0034 1400786726.91 1,1 42.84,38.29
0000000000f9_00a6 1400787363.81 1,4,1 15.29,29.76,6.34
0000000000f9_0065 1400787770.93 2,1 183.48,6.08
0000000000f9_0058 1400786335.44 8,1 157.62,93.61
0000000000f9_003f 1400786524.9 4,4 123.67,126.04
0000000000f9_00a3 1400788381.08 1,1,5,1 6.74,13.56,83.41,14.97
0000000000f9_0066 1400786506.52 1 107.40,103.79,102.44
0000000000f9_00a5 1400788805.56 1,1,1,1,5,1 7.32,5.55,6.92,33.76,84.22,3.81
0000000000f9_001c 1400787441.27 4 20.45
0000000000f9_008c 1400787518.67 4 18.03
0000000000f9_00a8 1400788431.81 5,1 86.59,4.76
0000000000f9_0083 1400785252.51
0000000000f9_00a6 1400787491.91 1,1 12.44,5.46
0000000000f9_0055 1400786865.31 1,1 39.79,206.79
0000000000f9_00a9 1400788075.99 1,1,1,5,1 3.11,6.72,20.18,82.61,17.14
0000000000f9_007f 1400793752.49
0000000000f9_0076 1400788279.38 3,1,1,5 229.35,48.71,155.41,232.86
0000000000f9_0068 1400788132.72 67.87,323.59
0000000000f9_00a8 1400788651.91 5,1 82.08,6.31
0000000000f9_00a3 1400788525.13 1,1,5,1 4.46,40.22,92.70,9.99
0000000000f9_001c 1400787510.34 4 69.55
0000000000f9_00a6 1400787786.02 1,30,1 3.42,112.28,8.23
0000000000f9_0057 1400787846.42 13,1 178.81,25.77
0000000000f9_0034 1400787007.09 1,1 108.38,14.90
0000000000f9_003f 1400786708.99 4,4 79.95,108.62
0000000000f9_008c 1400787792.82 4 7.46
0000000000f9_0065 1400787874.06 2,1,5 133.67,127.52,85.20
0000000000f9_0082 1400787009.1 2,2 90.78,192.74
0000000000f9_0058 1400786545.59 8,1 138.42,72.52
0000000000f9_0083 1400785446.65
0000000000f9_00a9 1400788305.09 1,1,1,5,1 2.67,13.58,2.14,85.10,23.61
0000000000f9_0066 1400786751.66 1 9.65,138.36,141.68
0000000000f9_0052 1400787911.26 13,4,7 317.72,27.13,92.13
0000000000f9_0055 1400787072.39 1,1 49.50,188.24
0000000000f9_007f 1400793879.62
0000000000f9_00a8 1400788808.02 5,1 121.13,48.28
0000000000f9_00a3 1400788709.21 1,1,5,1 7.79,34.73,85.62,9.00
0000000000f9_00a6 1400788070.14 1,11,30,6,1 47.11,87.70,91.85,82.78,21.25
0000000000f9_001c 1400787704.51 4 29.00
0000000000f9_0083 1400785679.76
0000000000f9_0068 1400788397.81 1 4.16,249.37
0000000000f9_003f 1400786891.17 4,4 13.63,59.94
0000000000f9_008c 1400787915.94 4 61.72
0000000000f9_00a9 1400788544.19 1,1,1,5,1 1.76,4.73,1.90,84.70,10.09
0000000000f9_0076 1400788353.52 3,1,1,5 217.68,48.00,135.26,222.75
0000000000f9_0034 1400787070.2 1,1 113.44,104.45
0000000000f9_0058 1400786663.72 8,1 138.53,72.83
0000000000f9_0083 1400785739.86
0000000000f9_0065 1400788074.14 2,30,5 135.34,98.44,187.70
0000000000f9_0057 1400788083.53 13,5,1 184.07,84.25,20.18
0000000000f9_00a6 1400788236.25 1,11,30,6,1 27.87,87.70,122.79,108.39,10.07
0000000000f9_001c 1400787892.6 4 64.01
0000000000f9_00a9 1400788614.27 1,1,1,5,1 12.63,17.68,35.14,86.91,9.24
0000000000f9_0055 1400787224.5 1,1 64.34,14.52
0000000000f9_0066 1400787037.8 87.18,208.94,47.52
0000000000f9_007f 1400793986.74
0000000000f9_0052 1400788180.4 13,4,7 229.06,7.18,227.68
0000000000f9_0082 1400787299.3 2,2 55.52,6.56
0000000000f9_008c 1400788026.09 4 163.91
0000000000f9_003f 1400787144.25 4,4 119.71,25.91
0000000000f9_0083 1400785854.92
0000000000f9_0068 1400788634.92 2.67,230.21
0000000000f9_00a9 1400788769.4 1,1,1,5,1 10.48,26.13,32.57,108.11,12.97
0000000000f9_00a6 1400788417.33 1,11,30,6,1 19.95,85.64,103.30,86.00,20.25
0000000000f9_0034 1400787227.36 1,1 106.65,7.79
0000000000f9_001c 1400788153.74 4 258.37
0000000000f9_0058 1400786956.89 8,1 192.06,24.31
0000000000f9_0083 1400786027.06
0000000000f9_0055 1400787430.62 1,1 158.15,185.98
0000000000f9_007f 1400794092.87
0000000000f9_0076 1400788447.67 3,1,1,5 210.45,61.62,135.98,224.12
0000000000f9_008c 1400788148.28 4 24.33
0000000000f9_0065 1400788197.24 2,1,5 196.17,53.43,251.23
0000000000f9_003f 1400787415.43 4,4 25.25,19.95
0000000000f9_00d1 1400787652.19
0000000000f9_00a6 1400788587.44 1,11,30,6,1 24.65,94.24,102.74,85.61,9.82
0000000000f9_0057 1400788210.62 13,5,1 241.95,182.75,21.31
0000000000f9_0066 1400787163.87 1 151.44,158.34,33.01
0000000000f9_00d1 1400787716.21
0000000000f9_0068 1400788805.1 1 13.07,237.19
0000000000f9_0083 1400786305.17
0000000000f9_0052 1400788340.55 13,4,7 280.51,62.51,282.23
0000000000f9_001c 1400788334.88 4 29.70
0000000000f9_0082 1400787478.38 2,2 72.34,278.13
0000000000f9_00d1 1400787936.29
0000000000f9_008c 1400788380.43 4 10.06
0000000000f9_00d1 1400788063.39
0000000000f9_0034 1400787519.51 1,1 4.53,4.52
0000000000f9_0055 1400787637.77 1,1 74.58,175.55
0000000000f9_007f 1400794184.95
0000000000f9_00d1 1400788198.5
0000000000f9_0058 1400787188.95 8,1 153.21,23.95
0000000000f9_00d1 1400788271.59
0000000000f9_0065 1400788414.37 2,1,5 164.60,5.31,220.82
0000000000f9_0083 1400786386.3
0000000000f9_0052 1400788463.71 13,4,7 224.51,41.77,230.65
0000000000f9_001c 1400788562.01 4 146.56
0000000000f9_0076 1400788724.76 3,1,1,5 205.16,12.13,4.45,217.90
0000000000f9_00d1 1400788367.7
0000000000f9_0066 1400787411.99 1 24.78,27.39
0000000000f9_003f 1400787687.58 4,4 8.05,145.69
0000000000f9_00c6 1400785254.13
0000000000f9_008c 1400788481.54 4 21.20
0000000000f9_00d1 1400788487.81
0000000000f9_0057 1400788485.72 13,5,1 208.90,86.07,49.85
0000000000f9_00d1 1400788614.91
0000000000f9_0083 1400786642.44
0000000000f9_0055 1400787769.92 1,1 22.98,186.77
0000000000f9_0082 1400787600.56 2,2 74.12,7.81
0000000000f9_007f 1400794337.05
0000000000f9_003f 1400787920.67 4,4,4 6.31,8.67,59.17
0000000000f9_0034 1400787773.6 1,1 113.02,4.52
0000000000f9_00d1 1400788754.03
0000000000f9_001c 1400788660.09 4 50.90
0000000000f9_0058 1400787427.06 8,1 193.12,24.69
0000000000f9_008c 1400788639.67 4 199.38
0000000000f9_0083 1400786812.56
0000000000f9_0065 1400788710.57 2,30,5 151.01,6.04,231.99
0000000000f9_0052 1400788589.87 13,4,7 228.98,100.45,220.88
0000000000f9_0066 1400787687.08 135.50,97.30,22.86
0000000000f9_007f 1400794569.22
0000000000f9_0083 1400787008.69
0000000000f9_00c6 1400785468.23
0000000000f9_008c 1400788778.77 4 32.39
0000000000f9_0057 1400788716.83 13,5,1 199.63,207.17,98.84
0000000000f9_00c6 1400785706.41
0000000000f9_0058 1400787610.14 8,1 150.74,23.64
0000000000f9_0082 1400787896.73 2,2 96.09,7.82
0000000000f9_0055 1400787905.07 2,1,1,1,5 8.30,65.62,4.23,173.77,85.49
0000000000f9_0083 1400787132.77
0000000000f9_0065 1400788776.68 2,1,5 225.72,5.26,297.57
0000000000f9_007f 1400794684.36
0000000000f9_0052 1400788712.05 13,4,7 253.11,8.86,246.74
0000000000f9_0083 1400787220.92
0000000000f9_0066 1400787959.22 1 91.75,92.43,154.14,22.60
0000000000f9_0058 1400787768.27 8,1 192.73,24.29
0000000000f9_007f 1400794813.52
0000000000f9_0052 1400788845.21 13,4,7 275.61,11.61,276.38
0000000000f9_0083 1400787507.07
0000000000f9_0055 1400788071.13 2,1,1,1,5 8.30,235.28,153.40,151.83,188.61
0000000000f9_0082 1400788164.84 2,2,5 140.96,34.52,86.95
0000000000f9_0083 1400787800.22
0000000000f9_0066 1400788068.33 167.27,206.24,261.97,248.24,105.85
0000000000f9_0058 1400788029.41 1,8,1 3.50,150.88,33.94
0000000000f9_0083 1400788048.36
0000000000f9_0034 1400787985.7 1,1,1,5 105.41,4.54,91.70,84.57
0000000000f9_0055 1400788152.22 2,1,1,1,5 8.30,103.01,10.92,164.05,250.96
0000000000f9_007f 1400794937.59
0000000000f9_0083 1400788121.46
0000000000f9_0082 1400788372.97 2,2,5 116.38,128.93,266.49
0000000000f9_007f 1400795006.71
0000000000f9_0058 1400788280.56 1,8,1 27.27,90.13,126.78
0000000000f9_0083 1400788351.57
0000000000f9_0066 1400788192.47 60.63,156.17,227.46,211.50,68.51
0000000000f9_003f 1400788116.81 4,4 129.32,46.65
0000000000f9_003f 1400788374.91 4,4,4 158.90,7.62,9.17
0000000000f9_007f 1400795270.85
0000000000f9_003f 1400788533.05 4,4,4 186.55,176.10,58.88
0000000000f9_003f 1400788746.15 4,4,4 11.76,22.78,10.76
0000000000f9_0034 1400788137.84 1,1,1,5 105.41,19.77,113.64,183.34
0000000000f9_0083 1400788532.68
0000000000f9_00ca 1400787655.29
0000000000f9_0055 1400788243.32 2,1,1,1,5 8.30,138.15,148.38,199.66,299.55
0000000000f9_00ca 1400787878.38
0000000000f9_00ca 1400788169.5
0000000000f9_0083 1400788719.76
0000000000f9_00ca 1400788268.6
0000000000f9_0082 1400788490.11 2,2,5 115.02,47.14,232.35
0000000000f9_0058 1400788392.68 1,8,1 96.72,167.94,32.53
0000000000f9_003a 1400787651.9
0000000000f9_007f 1400795355.95
0000000000f9_00ca 1400788483.71
0000000000f9_00ca 1400788660.82
0000000000f9_00c6 1400785847.56 10 139.56
0000000000f9_0066 1400788434.52 1 37.38,88.74,185.66,85.26,41.09
0000000000f9_00b5 1400786453.95
0000000000f9_0034 1400788205.95 1,1,1,5 105.41,118.50,117.99,193.03
0000000000f9_0055 1400788425.48 2,1,1,1,5 8.30,97.48,99.23,122.28,206.08
0000000000f9_00ca 1400788761.93
0000000000f9_007f 1400795551.04
0000000000f9_00b5 1400786753.07
0000000000f9_00c6 1400785955.71 10 203.20
0000000000f9_0058 1400788605.83 1,8,1 6.17,88.52,21.16
0000000000f9_0082 1400788672.26 2,2,5 129.62,143.87,266.70
0000000000f9_007f 1400795630.19
0000000000f9_00c6 1400786165.83 10 267.41
0000000000f9_00b5 1400786997.12
0000000000f9_0066 1400788709.66 27.02,109.44,105.06,84.15,132.69
0000000000f9_00c6 1400786296.01 10 43.27
0000000000f9_0034 1400788435.1 1,1,1,5 105.41,9.56,94.01,166.98
0000000000f9_0055 1400788553.63 2,1,1,1,5 8.91,19.85,25.48,141.69,245.73
0000000000f9_00b5 1400787262.18
0000000000f9_007f 1400795864.36
0000000000f9_00c6 1400786441.16 10 191.54
0000000000f9_00b5 1400787431.32
0000000000f9_007f 1400796088.51
0000000000f9_00b5 1400787727.43
0000000000f9_0034 1400788551.25 1,1,1,5 105.41,16.40,131.76,216.14
0000000000f9_0055 1400788663.81 2,1,1,1,5 8.91,20.84,6.61,147.61,87.69
0000000000f9_00c6 1400786561.32 10 187.63
0000000000f9_00b5 1400787810.55
0000000000f9_00c6 1400786700.48 10 226.23
0000000000f9_00b5 1400787954.7
0000000000f9_0034 1400788722.35 1,1,1,5 105.41,15.16,121.53,199.05
0000000000f9_00b5 1400788178.85
0000000000f9_00c6 1400786781.6 10 83.78
0000000000f9_00bc 1400786454.17
0000000000f9_00b5 1400788269.96
0000000000f9_00c6 1400786916.76 10 197.06
0000000000f9_00b5 1400788544.11
0000000000f9_00c6 1400787060.91 10 75.11
0000000000f9_00c6 1400787163.06 10 54.17
0000000000f9_00b5 1400788734.26
0000000000f9_0091 1400787654.61
0000000000f9_0093 1400785254.37
0000000000f9_0090 1400785254.4
0000000000f9_0093 1400785400.52
0000000000f9_0090 1400785397.51
0000000000f9_00b5 1400788848.4
0000000000f9_00c6 1400787282.25 10 28.33
0000000000f9_0093 1400785539.61
0000000000f9_0090 1400785504.65
0000000000f9_00c6 1400787402.41 10 137.60
0000000000f9_0047 1400786454.49
0000000000f9_0093 1400785666.75
0000000000f9_0090 1400785613.78
0000000000f9_0092 1400786454.48
0000000000f9_0090 1400785898.92
0000000000f9_00bc 1400786613.28 4 82.86
0000000000f9_00c6 1400787600.5 10 239.71
0000000000f9_00c6 1400787718.6 10 79.75
0000000000f9_0091 1400787796.77 10,1,10 89.66,5.81,95.58
0000000000f9_00c6 1400787854.76 10 61.91
0000000000f9_003a 1400787922.12 2,2,2,2,5 8.46,8.42,8.94,9.23,89.14
0000000000f9_00bc 1400786876.38 4,4 86.84,83.14
0000000000f9_00c6 1400788052.88 10 113.80
0000000000f9_0047 1400786538.54 11 94.66
0000000000f9_0093 1400785925.89 10 88.17
0000000000f9_00c6 1400788317.02 10 83.63
0000000000f9_0090 1400785976.05 10 455.88
0000000000f9_0047 1400786705.69 11 211.91
0000000000f9_0093 1400786209.04 10 91.96
0000000000f9_00bf 1400786454.78
0000000000f9_0050 1400786456.06
0000000000f9_00c6 1400788495.15 10 126.23
0000000000f9_00bc 1400787075.5 4,4 82.01,82.37
0000000000f9_0092 1400786535.62 30,10 87.31,96.55
0000000000f9_0047 1400786785.79 11 98.34
0000000000f9_0090 1400786236.19 10 90.12
0000000000f9_0093 1400786438.08 10 106.01
0000000000f9_00c6 1400788709.3 10 66.94
0000000000f9_0047 1400786850.91 11 97.55
0000000000f9_0090 1400786408.35 10 225.30
0000000000f9_0091 1400787970.92 10,1,10,10 99.06,89.77,10.73,100.45
0000000000f9_0092 1400786608.67 10,10 119.14,99.72
0000000000f9_0093 1400786693.32 10 197.53
0000000000f9_0090 1400786541.51 10 210.33
0000000000f9_00bc 1400787152.59 4,4 81.97,84.93
0000000000f9_0047 1400786972.04 11 103.73
0000000000f9_0093 1400786989.46 10 97.08
0000000000f9_0047 1400787247.19 11 99.65
0000000000f9_0090 1400786827.66 10 101.84
0000000000f9_0091 1400788111.06 10,1,10,10 236.76,149.05,164.93,132.24
0000000000f9_0092 1400786737.81 30,10 146.60,141.35
0000000000f9_0093 1400787261.61 10 97.32
0000000000f9_0090 1400786964.72 10 102.55
0000000000f9_0047 1400787491.29 11 106.40
0000000000f9_0093 1400787432.75 10 105.65
0000000000f9_0091 1400788322.16 10,1,10,10 167.80,5.22,12.46,96.80
0000000000f9_0090 1400787199.88 10 91.61
0000000000f9_0047 1400787742.43 11 90.75
0000000000f9_00bc 1400787258.71 4,4 83.48,84.58
0000000000f9_0093 1400787588.9 10 97.90
0000000000f9_0092 1400786909.96 10,10 116.59,100.26
0000000000f9_0090 1400787302.97 10 93.01
0000000000f9_0050 1400786703.25 15 115.49
0000000000f9_0047 1400787805.52 11 102.90
0000000000f9_0091 1400788418.29 10,1,10,10 267.52,190.24,199.85,96.07
0000000000f9_0093 1400787808.99 10 89.98
0000000000f9_0090 1400787370.09 10 93.06
0000000000f9_00bf 1400786607.85 15,13 119.03,96.18
0000000000f9_00bc 1400787390.83 4,4 88.30,82.10
0000000000f9_00bf 1400786828.96 15,13 144.10,141.90
0000000000f9_00bf 1400786961.07 15,13 140.65,127.97
0000000000f9_0092 1400787098.08 30,10 137.39,113.51
0000000000f9_0047 1400788096.67 11 90.89
0000000000f9_0090 1400787663.22 10 89.66
0000000000f9_00bf 1400787077.18 15,13 131.87,122.30
0000000000f9_0093 1400787967.13 12,10,10 92.30,96.07,22.49
0000000000f9_0091 1400788691.42 10,1,10,10 86.66,5.91,17.58,160.79
0000000000f9_0050 1400786954.44 15 111.08
0000000000f9_00bf 1400787363.29 15,13 129.81,147.01
0000000000f9_003a 1400788109.44 2,2,2,2,5 8.15,238.08,235.61,9.82,124.81
0000000000f9_0090 1400787838.37 10 106.75
0000000000f9_00bf 1400787450.38 15,13 145.98,123.77
0000000000f9_00bf 1400787701.48 15,13 151.42,126.42
0000000000f9_0047 1400788281.83 11,11 20.32,91.87
0000000000f9_0093 1400788201.3 12,10,10 122.84,103.62,12.86
0000000000f9_00bc 1400787621.95 4,4 82.41,83.98
0000000000f9_0091 1400788848.57 10,1,10,10 143.69,157.63,198.68,92.69
0000000000f9_0092 1400787332.23 10,10 94.78,167.74
0000000000f9_0050 1400787018.61 15 104.28
0000000000f9_0090 1400788118.52 10,7,10 86.84,10.35,96.13
0000000000f9_0047 1400788528.97 11,11 23.09,106.07
0000000000f9_0093 1400788494.39 10,10 100.31,141.41
0000000000f9_00bf 1400787854.58 15,12,13 151.38,25.47,138.40
0000000000f9_00bf 1400787992.68 15,12,13 134.67,49.94,137.45
0000000000f9_00bf 1400788247.76 15,12,13 151.76,60.08,111.55
0000000000f9_00bf 1400788530.87 15,12,13 138.06,60.28,130.70
0000000000f9_00bf 1400788810.95 15,12,13 144.31,79.11,131.12
0000000000f9_0047 1400788650.03 11,11 173.87,107.61
0000000000f9_0092 1400787587.37 30,10 195.07,91.34
0000000000f9_0093 1400788558.49 12,10,10 104.82,171.05,208.95
0000000000f9_0050 1400787271.88 15 102.37
0000000000f9_0090 1400788192.63 10,7,10,10 259.13,190.53,172.66,212.95
0000000000f9_00bc 1400787754.07 4,4 83.08,83.12
0000000000f9_0093 1400788745.59 12,10,10 250.46,87.58,191.17
0000000000f9_0090 1400788464.79 10,7,10,10 94.78,53.89,87.78,255.30
0000000000f9_0050 1400787533.09 15 105.24
0000000000f9_0092 1400787792.54 10,10 199.51,89.57
0000000000f9_00bc 1400787972.19 4,4,4,4 83.53,88.20,82.46,8.77
0000000000f9_0090 1400788743.93 10,7,10,10 143.21,173.05,97.33,217.50
0000000000f9_0050 1400787604.28 15 111.73
0000000000f9_0092 1400787861.66 30,10 121.65,88.19
0000000000f9_0090 1400788821.05 10,7,10,10 243.80,164.55,150.67,190.40
0000000000f9_0050 1400787836.49 15 105.05
0000000000f9_0092 1400788056.81 1,10,10 66.18,9.71,158.65
0000000000f9_00bc 1400788132.29 4,4,4,4 86.26,128.20,100.28,8.37
0000000000f9_003a 1400788249.72 2,2,2,2,5 202.39,99.15,440.56,513.18,88.98
0000000000f9_0050 1400788039.7 15,15,14 105.46,100.07,31.26
0000000000f9_0092 1400788306.92 30,10,10 89.73,13.72,122.06
0000000000f9_00bc 1400788382.38 4,4,4,4 82.76,87.35,84.20,31.74
0000000000f9_0050 1400788299.94 7,15,14 14.32,101.19,23.19
0000000000f9_0092 1400788415.11 1,10,10 139.49,156.95,147.65
0000000000f9_0050 1400788565.2 15,15,14 211.98,126.14,348.35
0000000000f9_0092 1400788666.26 30,10,10 99.59,18.45,141.44
0000000000f9_00bc 1400788488.5 4,4,4,4 83.18,85.09,81.91,21.81
0000000000f9_0092 1400788770.36 10,10,10 117.14,172.04,162.40
0000000000f9_0050 1400788783.44 7,15,14 20.33,108.21,48.96
0000000000f9_00bc 1400788615.61 4,4,4,4 82.89,108.07,88.72,26.01
0000000000f9_004d 1400786458.33
0000000000f9_003a 1400788467.02 2,2,2,2,5 83.95,7.83,176.01,515.28,88.70
0000000000f9_004f 1400787656.95
0000000000f9_004f 1400787742.08 5 86.13
0000000000f9_004f 1400787859.22 5 87.95
0000000000f9_004d 1400786665.47 13,13 128.49,149.78
0000000000f9_004f 1400787990.37 5 93.98
0000000000f9_004d 1400786734.58 13,13 198.83,133.86
0000000000f9_004f 1400788192.53 5,5 85.31,87.48
0000000000f9_004d 1400787029.72 13,13 177.05,148.71
0000000000f9_004d 1400787288.83 13,13 194.57,143.55
0000000000f9_003a 1400788586.7 2,2,2,2,5 164.60,63.98,69.89,124.67,115.01
0000000000f9_004f 1400788277.69 13,5 57.58,93.26
0000000000f9_004d 1400787359.96 13,13 168.71,135.52
0000000000f9_004f 1400788569.8 13,5 170.83,91.56
0000000000f9_004d 1400787549.11 13,13 188.67,106.86
0000000000f9_004d 1400787733.27 13,13 169.19,142.34
0000000000f9_004f 1400788714.96 5,5 137.85,133.82
0000000000f9_004f 1400788787.08 5,5 139.72,86.90
0000000000f9_004d 1400787910.43 13,13 197.01,164.10
0000000000f9_004d 1400788064.53 13,12,13 193.56,127.26,122.37
0000000000f9_004d 1400788138.67 13,12,13 265.84,149.93,129.29
0000000000f9_004d 1400788291.83 12,13 153.68,116.77
0000000000f9_004d 1400788429.99 13,12,13 137.60,117.38,139.45
0000000000f9_003a 1400788716.13 2,2,2,2,5 345.55,125.16,16.19,17.67,191.90
0000000000f9_004d 1400788653.15 13,12,13 191.51,124.00,154.94
0000000000f9_0051 1400785279.25
0000000000f9_0051 1400785477.43 8 93.30
0000000000f9_0051 1400785551.58 8 170.19
0000000000f9_0051 1400785801.77 8,8 159.12,87.86
0000000000f9_0051 1400786012.92 8,8 287.44,292.34
0000000000f9_0051 1400786267.1 8,8 89.85,241.90
0000000000f9_0051 1400786401.29 8,8 288.87,293.22
0000000000f9_0051 1400786498.48 8,8 257.41,252.01
0000000000f9_0051 1400786639.7 8,8 280.14,279.82
0000000000f9_0051 1400786854.93 8,8 94.67,89.24
0000000000f9_0051 1400787034.1 8,8 254.31,92.42
0000000000f9_0051 1400787190.38 8,8 90.65,91.67
0000000000f9_0051 1400787294.59 8,8 261.43,91.93
0000000000f9_0051 1400787523.81 8,8 285.12,93.75
0000000000f9_0051 1400787662.02 8,8 430.96,97.41
0000000000f9_0051 1400787826.17 8,8 294.44,91.06
0000000000f9_0051 1400787998.32 8,8 287.19,90.89
0000000000f9_0051 1400788252.53 8,8 88.42,220.96
0000000000f9_0051 1400788385.74 8,8 128.90,277.62
0000000000f9_0051 1400788642.92 8,8 217.52,122.49
