0000000000f9_00a9 1400761723.74
0000000000f9_00a6 1400761723.81
0000000000f9_00a9 1400761883.84 11,1,11,1,5 93.01,4.13,85.13,5.72,83.25
0000000000f9_00a3 1400761723.96
0000000000f9_00a9 1400762144.95 1,5 4.27,89.06
0000000000f9_00a4 1400764122.97
0000000000f9_00a9 1400762417.04 1,5 93.57,83.46
0000000000f9_00a4 1400764201.01 1 3.84
0000000000f9_00a7 1400764123.34
0000000000f9_00a6 1400761871.86 1,1,6 3.66,5.58,83.76
0000000000f9_00a9 1400762573.14 1,5 57.86,88.01
0000000000f9_00a4 1400764481.12 1,1 2.17,47.28
0000000000f9_00aa 1400764122.91
0000000000f9_00a8 1400762923.37
0000000000f9_00a4 1400764615.22 1,1 49.51,50.48
0000000000f9_00a9 1400762858.25 1,11,5 58.15,86.61,86.26
0000000000f9_00aa 1400764394.99 1,1,1 1.96,3.42,3.06
0000000000f9_00a7 1400764209.42 1,1 1.13,2.90
0000000000f9_00a4 1400764828.32 1,1 3.40,59.42
0000000000f9_00ab 1400762922.85
0000000000f9_0057 1400762923.09
0000000000f9_00a9 1400763033.32 1,11,5 128.30,86.59,82.42
0000000000f9_0058 1400761722.82
0000000000f9_00aa 1400764611.1 1,1,1 50.54,3.94,51.78
0000000000f9_0082 1400762923.07
0000000000f9_00a6 1400762137.98 1,6 3.29,89.89
0000000000f9_00a4 1400765113.42 1,1 3.38,24.11
0000000000f9_00a8 1400763220.47 1,1 3.88,4.41
0000000000f9_0068 1400762923.3
0000000000f9_00a9 1400763222.42 11,11 85.10,85.32
0000000000f9_0065 1400762923.04
0000000000f9_00aa 1400764844.19 1,1,1 57.64,4.26,57.59
0000000000f9_0055 1400761722.75
0000000000f9_00a6 1400762339.05 1,6 3.33,113.32
0000000000f9_00a7 1400764383.52 1,1,1 32.12,3.38,56.18
0000000000f9_0066 1400761722.79
0000000000f9_0058 1400761953.95 5,1 91.78,4.29
0000000000f9_0057 1400762985.18 1,2,5 5.17,8.61,85.49
0000000000f9_0065 1400763216.12 5 86.58
0000000000f9_00a6 1400762570.15 1,6 4.25,131.01
0000000000f9_0068 1400763187.39 3.78,5.55
0000000000f9_00aa 1400765004.3 1,1,1 23.47,27.04,27.43
0000000000f9_00a7 1400764653.64 1,1,1 4.92,3.30,48.31
0000000000f9_0082 1400763037.22 4,4,2,5 82.34,10.57,5.98,83.97
0000000000f9_00a5 1400762923.49
0000000000f9_00a8 1400763489.57 1,1 5.77,2.86
0000000000f9_00a6 1400762780.25 1,6 3.35,87.81
0000000000f9_00a7 1400764752.75 1,1,1 54.73,54.45,53.51
0000000000f9_0055 1400761871.85 4,1,5,1 10.66,5.49,86.90,4.47
0000000000f9_00a8 1400763661.66 1,1 40.47,40.27
0000000000f9_0066 1400761783.85 5.57,11.60,83.77
0000000000f9_0082 1400763158.34 4 83.63
0000000000f9_0058 1400762137.02 5,1 87.46,105.49
0000000000f9_00a6 1400762988.35 1,6 3.59,84.26
0000000000f9_0065 1400763513.22 1 3.92
0000000000f9_00a7 1400764901.88 1,1,1 27.02,28.48,7.22
0000000000f9_0068 1400763404.47 3.85,8.57,3.85
0000000000f9_00a8 1400763958.77 1,1 24.74,22.86
0000000000f9_0057 1400763220.31 1,1,1 4.44,3.32,4.11
0000000000f9_00a6 1400763193.46 1 4.64
0000000000f9_0066 1400761990.98 84.31
0000000000f9_00a7 1400765044.99 1,1,1 77.16,77.25,74.32
0000000000f9_0007 1400762922.58
0000000000f9_00a6 1400763263.54 1 23.57
0000000000f9_0065 1400763586.36 1 5.92
0000000000f9_00a5 1400763076.6 2,1,5,1 7.40,3.30,83.38,2.59
0000000000f9_0055 1400762138.97 4,1,5,1 376.76,10.70,277.34,124.36
0000000000f9_0058 1400762314.13 5,1 190.92,134.86
0000000000f9_00a8 1400764124.86 1,1 35.15,34.19
0000000000f9_00a3 1400761864.06 11,5,1 86.39,83.60,3.22
0000000000f9_0082 1400763403.55 4,10,2 91.21,40.53,28.98
0000000000f9_00a6 1400763488.65 1 3.24
0000000000f9_0007 1400763072.7 7,4 88.35,6.87
0000000000f9_0068 1400763568.65 4.78,33.23,17.61
0000000000f9_00a6 1400763762.74 1 3.67
0000000000f9_00a5 1400763281.68 1 4.52
0000000000f9_0065 1400763848.51 1 4.24
0000000000f9_0057 1400763310.42 1,1,1 79.42,105.05,105.51
0000000000f9_0066 1400762276.04 4.80,160.05
0000000000f9_00a6 1400763959.85 1 3.20
0000000000f9_00a8 1400764361.99 1,1,1 6.33,3.38,21.82
0000000000f9_0007 1400763208.83 4 50.66
0000000000f9_0082 1400763564.77 10,2 179.82,28.60
0000000000f9_0058 1400762478.22 5,1 245.24,184.19
0000000000f9_00a6 1400764032.94 1 71.74
0000000000f9_0055 1400762397.13 4,1,5,1 35.66,109.76,85.61,46.50
0000000000f9_0065 1400764030.65 1 67.44
0000000000f9_0007 1400763343.97 4 33.70
0000000000f9_00a5 1400763536.78 1,1 3.23,46.30
0000000000f9_00a6 1400764148.05 1 44.94
0000000000f9_0068 1400763759.79 146.30,156.77,152.72
0000000000f9_0066 1400762448.19 245.74,315.53
0000000000f9_00a6 1400764414.15 1,1 3.40,3.33
0000000000f9_0082 1400763702.9 10,2 258.81,165.31
0000000000f9_0057 1400763528.58 1,1,1 3.78,14.75,9.62
0000000000f9_0007 1400763614.09 4 100.21
0000000000f9_0065 1400764191.79 1 73.35
0000000000f9_0058 1400762699.36 5,1 86.42,234.71
0000000000f9_00a5 1400763721.88 1,1 44.93,45.92
0000000000f9_0055 1400762612.27 4,1,5,1 16.80,169.70,87.99,111.17
0000000000f9_0007 1400763781.24 4 12.57
0000000000f9_0066 1400762747.31 2.70,109.05
0000000000f9_0068 1400763989.97 5.49,2.85,18.06
0000000000f9_0082 1400763909.08 10,2 186.30,7.43
0000000000f9_00a5 1400763971.98 1,1 17.11,26.42
0000000000f9_0007 1400764060.38 4 125.58
0000000000f9_0058 1400762856.5 5,1 285.90,221.09
0000000000f9_0057 1400763591.62 1,1,1 80.20,82.75,82.19
0000000000f9_0065 1400764425.97 1,5,30 69.71,84.18,7.53
0000000000f9_00a5 1400764062.08 1,1 20.25,45.89
0000000000f9_0055 1400762820.4 4,1,5,1 9.09,3.18,84.95,133.28
0000000000f9_0066 1400762835.44 190.51,240.61
0000000000f9_0052 1400764123.65
0000000000f9_0007 1400764341.57 4,4 15.52,15.99
0000000000f9_0082 1400763978.14 10,2 192.41,171.43
0000000000f9_008c 1400761723.02
0000000000f9_0068 1400764170.09 125.13,135.36,132.55
0000000000f9_0058 1400763027.62 5,1 178.86,453.97
0000000000f9_00a8 1400764632.09 4,1,1 29.95,3.49,61.25
0000000000f9_0052 1400764387.8 4,4,4 7.11,7.83,5.48
0000000000f9_0065 1400764526.14 1,5,30 83.37,231.10,181.99
0000000000f9_0007 1400764406.68 4,4 192.73,193.60
0000000000f9_0055 1400763019.55 5,1 202.88,123.30
0000000000f9_008c 1400761866.17 4 16.12
0000000000f9_0057 1400763764.72 1,1,1 25.38,112.10,113.00
0000000000f9_00a5 1400764285.19 1,1 31.28,45.95
0000000000f9_0066 1400762917.51 234.82,177.19
0000000000f9_0082 1400764203.29 10,2 178.24,5.14
0000000000f9_00a8 1400764825.17 1,1,1 27.28,1.86,23.84
0000000000f9_0096 1400764123.7
0000000000f9_00c6 1400761724.66
0000000000f9_0058 1400763220.73 1 15.48
0000000000f9_0068 1400764279.23 49.86,138.68,136.27
0000000000f9_0007 1400764466.8 4,4 9.57,209.41
0000000000f9_00a3 1400762159.17 11,8,5,1 85.48,86.88,83.71,5.42
0000000000f9_008c 1400762000.28 4 11.18
0000000000f9_00a8 1400764999.27 1,1,1 18.02,17.46,17.26
0000000000f9_0055 1400763098.73 1,1 3.77,16.90
0000000000f9_00c6 1400761997.8 12 44.29
0000000000f9_0065 1400764721.29 1,5,30 55.03,217.69,162.26
0000000000f9_0052 1400764571.95 4,4,4,7 33.79,6.72,7.17,123.15
0000000000f9_0066 1400763127.65 3.39,174.60
0000000000f9_00a5 1400764483.32 2,1,1,1 7.18,3.58,2.20,62.47
0000000000f9_0082 1400764347.46 10,2 203.06,153.26
0000000000f9_0096 1400764401.8 4,4 7.08,5.82
0000000000f9_00a3 1400762378.23 8,5,1 86.35,82.62,7.67
0000000000f9_0057 1400763987.85 1,1,1 81.13,3.04,86.43
0000000000f9_0007 1400764708.94 4,4 1197.68,173.99
0000000000f9_008c 1400762285.43 4 9.54
0000000000f9_00a3 1400762453.31 8,5,1 88.62,116.88,4.42
0000000000f9_0055 1400763331.86 1,1 18.69,23.25
0000000000f9_0066 1400763244.76 10.83
0000000000f9_0068 1400764405.35 122.75,169.27,2.67,168.19
0000000000f9_0007 1400764821.99 4,4 166.72,172.20
0000000000f9_00c6 1400762247.94 12,10 147.28,34.02
0000000000f9_0065 1400764816.45 1,5,30 81.31,330.08,7.16
0000000000f9_0096 1400764491.92 4,4 225.39,73.26
0000000000f9_0052 1400764718.11 4,4,4,7 22.86,174.87,179.34,144.50
0000000000f9_00a5 1400764756.42 2,1,1,1 32.73,30.87,2.05,96.72
0000000000f9_0082 1400764448.63 10,5,2 322.31,95.43,284.33
0000000000f9_008c 1400762563.6 4 8.57
0000000000f9_00a9 1400763367.52 11,13,11,1 86.48,118.49,84.11,31.57
0000000000f9_0057 1400764107.93 1,1,1 82.18,107.41,108.46
0000000000f9_0066 1400763533.88 65.59
0000000000f9_0055 1400763401.96 1,1 119.35,117.27
0000000000f9_0007 1400764971.12 4,4 158.72,165.33
0000000000f9_00c6 1400762542.1 12,10 84.70,22.88
0000000000f9_00a9 1400763486.62 11,11,1 103.08,91.06,21.55
0000000000f9_008c 1400762648.69 4 101.64
0000000000f9_0096 1400764686.05 4,4 6.98,65.39
0000000000f9_00a3 1400762593.43 11,8,5,1 129.02,88.49,86.18,378.87
0000000000f9_0065 1400764962.54 1,5,30 49.62,239.93,182.41
0000000000f9_0068 1400764674.5 6.32,2.94,2.88,175.33
0000000000f9_00a9 1400763710.71 1 3.50
0000000000f9_0082 1400764626.79 10,2,2 239.59,117.45,213.99
0000000000f9_00a6 1400764534.24 11,1,1 85.65,58.25,59.02
0000000000f9_0052 1400765007.19 4,4,4,7 666.78,247.32,9.56,154.07
0000000000f9_0066 1400763617.03 5.93
0000000000f9_00ab 1400763205.92 13,1,5 122.03,2.86,84.18
0000000000f9_003f 1400761722.96
0000000000f9_0055 1400763473.07 1,1 111.59,109.59
0000000000f9_008c 1400762760.86 4 13.41
0000000000f9_00c6 1400762681.24 12,10 87.90,88.10
0000000000f9_0057 1400764178.03 1,1,1 81.66,86.19,85.75
0000000000f9_0096 1400764782.2 4,4 188.92,79.96
0000000000f9_00a9 1400763867.82 11,13,11,1 89.40,114.76,85.24,41.63
0000000000f9_00ab 1400763341.02 13,1 85.85,3.52
0000000000f9_00a6 1400764712.35 11,1,1 84.99,7.10,6.84
0000000000f9_003f 1400761904.09 4 7.78
0000000000f9_0066 1400763907.09 65.87
0000000000f9_008c 1400763039.01 4 8.97
0000000000f9_0082 1400764849.9 10,5,2 308.88,86.41,284.17
0000000000f9_0055 1400763670.22 1,1 113.33,112.63
0000000000f9_0068 1400764831.67 6.36,168.74,170.95,187.90
0000000000f9_00ab 1400763448.14 1 3.21
0000000000f9_00a9 1400764159.92 11,13,11,1 107.73,94.58,84.71,12.93
0000000000f9_00c6 1400762788.4 12,10 118.87,105.15
0000000000f9_0052 1400765074.31 4,4,4,7 22.81,171.82,176.99,126.33
0000000000f9_00a6 1400764986.45 11,1,1 182.28,1.98,36.08
0000000000f9_003f 1400761985.22
0000000000f9_0096 1400765052.33 4,4 35.73,155.76
0000000000f9_0066 1400764050.22 85.34
0000000000f9_008c 1400763185.08 4 10.63
0000000000f9_00ab 1400763525.23 1 32.92
0000000000f9_00a9 1400764383.03 11,1,1 100.70,3.37,3.56
0000000000f9_0055 1400763945.39 1,1 3.25,124.76
0000000000f9_00a6 1400765085.55 11,1,1 100.82,30.87,28.90
0000000000f9_003f 1400762115.34 4 8.52
0000000000f9_0057 1400764450.12 1,1,1,1 79.06,81.55,4.38,80.99
0000000000f9_00a3 1400762812.56 11,8,5,1 123.97,97.74,84.93,9.86
0000000000f9_0082 1400765013.04 10,2,2 310.46,36.81,252.03
0000000000f9_00a9 1400764648.13 1,1 2.29,33.00
0000000000f9_00c6 1400762936.56 12,10 63.96,60.52
0000000000f9_00ab 1400763768.32 13,1 117.38,2.93
0000000000f9_008c 1400763413.23 4 52.42
0000000000f9_0068 1400765116.73 134.09,3.09,3.98,178.97
0000000000f9_003f 1400762412.51 4 10.24
0000000000f9_0066 1400764330.34 65.67,84.71
0000000000f9_0058 1400763483.86 8,1 87.82,153.38
0000000000f9_00a9 1400764871.23 1,1 1.86,54.41
0000000000f9_0055 1400764084.48 1,1 163.61,160.69
0000000000f9_00ab 1400763938.41 13,1 126.08,29.81
0000000000f9_00a3 1400762960.65 11,8,5,1 218.24,184.09,160.43,49.04
0000000000f9_008c 1400763585.38 4 185.59
0000000000f9_00c6 1400763154.72 10,10 49.44,29.26
0000000000f9_003f 1400762483.62 4 96.65
0000000000f9_00a9 1400765095.32 1,1 2.23,56.30
0000000000f9_00ab 1400764127.52 13,1 117.75,2.89
0000000000f9_00a3 1400763157.74 8,1 87.61,31.63
0000000000f9_0057 1400764512.24 1,1,1,5 5.66,149.36,147.45,93.94
0000000000f9_0058 1400763671.97 1,1 43.13,148.24
0000000000f9_00d1 1400764125.22
0000000000f9_003f 1400762658.7
0000000000f9_00ab 1400764268.66 13,1 124.52,14.35
0000000000f9_0055 1400764155.69 1,1 8.95,18.74
0000000000f9_00d1 1400764386.32
0000000000f9_008c 1400763770.53 4 7.35
0000000000f9_00ab 1400764436.78 1 34.74
0000000000f9_00a3 1400763450.86 8,1,1 87.55,3.46,64.69
0000000000f9_0066 1400764419.42 120.24,214.21,156.60
0000000000f9_00d1 1400764481.42
0000000000f9_00c6 1400763346.89 10,10 291.44,31.88
0000000000f9_00d1 1400764674.53
0000000000f9_00ab 1400764503.86 1,1 59.67,59.70
0000000000f9_003f 1400762947.79 4 289.13
0000000000f9_00d1 1400764830.63
0000000000f9_008c 1400764003.59 4 10.49
0000000000f9_00d1 1400764971.73
0000000000f9_0058 1400763736.03 8,1 113.49,123.12
0000000000f9_007f 1400770224.36
0000000000f9_00ab 1400764719.97 13,1,1 122.31,2.28,55.05
0000000000f9_0055 1400764396.82 4,1,1,1 6.78,171.98,2.85,168.28
0000000000f9_00a3 1400763697.95 8,1,1 92.79,36.29,35.97
0000000000f9_003f 1400763018.89 4 70.28
0000000000f9_00ab 1400764892.06 13,1,1 142.06,11.06,82.02
0000000000f9_0057 1400764646.37 1,1,1,1 88.70,125.86,123.38,77.60
0000000000f9_0066 1400764602.49 112.90,200.53,142.61
0000000000f9_007f 1400770480.5
0000000000f9_008c 1400764247.74 4 7.19
0000000000f9_003f 1400763299.05
0000000000f9_00ab 1400765076.17 13,1,1 124.20,34.52,3.46
0000000000f9_00c6 1400763567.02 10,10 189.82,58.01
0000000000f9_0058 1400763946.21 1,1 6.53,5.89
0000000000f9_007f 1400770549.61
0000000000f9_00a5 1400764920.52 2,1,1,1 26.18,4.53,27.73,26.77
0000000000f9_00a3 1400763818.06 8,1,1 140.91,18.47,19.02
0000000000f9_008c 1400764414.83 4 220.48
0000000000f9_00ca 1400764128.43
0000000000f9_00c6 1400763687.17 10,10 171.25,173.82
0000000000f9_003f 1400763392.22 4 12.51
0000000000f9_0055 1400764616.89 4,1,1,1 87.35,3.27,5.12,236.56
0000000000f9_00ca 1400764248.46
0000000000f9_0066 1400764783.65 136.08,207.73,4.60
0000000000f9_007f 1400770710.75
0000000000f9_00ca 1400764370.57
0000000000f9_0057 1400764923.48 1,1,1,5 111.03,132.65,5.09,84.60
0000000000f9_00ca 1400764530.64
0000000000f9_00a3 1400763980.18 8,1,1 109.13,3.54,3.23
0000000000f9_0058 1400764052.33 8,1 116.77,121.58
0000000000f9_003f 1400763501.31 4 180.02
0000000000f9_00ca 1400764705.75
0000000000f9_007f 1400770771.87
0000000000f9_008c 1400764552.94 4,4 187.34,44.36
0000000000f9_00ca 1400764946.86
0000000000f9_00c6 1400763804.37 10,10 185.63,38.11
0000000000f9_003f 1400763618.44 4 9.63
0000000000f9_00a3 1400764092.3 8,1,1 146.50,38.90,37.89
0000000000f9_0055 1400764733.97 4,1,1,1 145.60,226.79,205.30,223.54
0000000000f9_007f 1400771031.99
0000000000f9_0058 1400764275.47 1,1 43.68,134.19
0000000000f9_008c 1400764644.09 4,4 128.61,91.47
0000000000f9_00a3 1400764225.4 8,1,1 100.38,27.15,31.57
0000000000f9_007f 1400771318.1
0000000000f9_003f 1400763874.58 4 170.04
0000000000f9_0057 1400765068.6 1,1,1,1 8.32,145.24,146.85,11.64
0000000000f9_0066 1400764922.79 12.49,254.14,175.57
0000000000f9_00c6 1400764035.52 10,10 236.05,26.77
0000000000f9_00a3 1400764520.49 8,1,1 87.34,3.81,18.04
0000000000f9_007f 1400771587.25
0000000000f9_00a3 1400764769.6 8,1,1 87.16,19.63,27.04
0000000000f9_003f 1400764000.72 4 190.18
0000000000f9_0055 1400764905.11 4,1,1,1 7.94,199.78,202.88,201.77
0000000000f9_008c 1400764775.24 4,4 165.00,26.24
0000000000f9_00a3 1400764913.72 8,1,1 122.77,11.47,19.19
0000000000f9_007f 1400771809.39
0000000000f9_00c6 1400764110.65 10,10 161.61,181.45
0000000000f9_0083 1400761724.97
0000000000f9_0058 1400764532.61 1,8,1 4.57,89.16,123.21
0000000000f9_00a3 1400765114.83 8,1,1 167.96,3.49,101.67
0000000000f9_003f 1400764098.91 4 26.66
0000000000f9_007f 1400771921.5
0000000000f9_008c 1400764837.35 4,4 29.32,135.53
0000000000f9_0083 1400761943.05
0000000000f9_0055 1400765026.19 4,1,1,1 57.57,207.83,199.28,209.68
0000000000f9_003f 1400764291.05 4 157.12
0000000000f9_00c6 1400764237.8 10,10 183.28,177.97
0000000000f9_007f 1400771991.59
0000000000f9_0058 1400764663.71 1,1,1 83.70,47.14,144.38
0000000000f9_0083 1400762176.15
0000000000f9_008c 1400765101.51 4,4 8.94,80.05
0000000000f9_003f 1400764525.16 4 162.65
0000000000f9_007f 1400772258.74
0000000000f9_0083 1400762401.26
0000000000f9_00c6 1400764464.95 10,10,10 164.08,24.76,21.49
0000000000f9_003f 1400764785.3
0000000000f9_0058 1400764910.85 1,8,1 26.78,139.66,170.77
0000000000f9_0083 1400762678.38
0000000000f9_003f 1400764987.42 4,4 13.54,463.45
0000000000f9_00c6 1400764696.05 10,10,10 217.25,28.35,106.40
0000000000f9_003f 1400765117.55 4 165.88
0000000000f9_0083 1400762808.52
0000000000f9_00c6 1400764786.25 10,10,10 41.29,185.14,27.99
0000000000f9_0083 1400762990.66
0000000000f9_0083 1400763050.76
0000000000f9_003a 1400764125.13
0000000000f9_0083 1400763237.92
0000000000f9_00c6 1400764943.34 10,10,10 202.42,41.47,45.17
0000000000f9_0083 1400763362.07
0000000000f9_00b5 1400762927.35
0000000000f9_0090 1400761726.9
0000000000f9_0083 1400763647.22
0000000000f9_00c6 1400765024.49 10,10,10 189.01,194.22,80.47
0000000000f9_00bc 1400762926.96
0000000000f9_0092 1400762926.97
0000000000f9_00b5 1400763022.47
0000000000f9_0091 1400764127.11
0000000000f9_00b5 1400763129.61
0000000000f9_0047 1400762927.03
0000000000f9_0083 1400763721.31
0000000000f9_0091 1400764347.25
0000000000f9_00b5 1400763388.76
0000000000f9_0092 1400763127.11 10,1,10 86.04,6.15,9.92
0000000000f9_0083 1400763859.48
0000000000f9_0047 1400763173.14 11 86.74
0000000000f9_0091 1400764597.45
0000000000f9_0090 1400761799.03 10,3,10,10 85.95,6.99,13.77,86.65
0000000000f9_00b5 1400763677.9
0000000000f9_0083 1400764063.57
0000000000f9_00bc 1400763010.04 4,4 158.29,5.05
0000000000f9_0047 1400763455.31 3,11 65.38,110.28
0000000000f9_0092 1400763330.25 10,1,10 112.97,4.53,85.10
0000000000f9_00b5 1400763742.01
0000000000f9_0091 1400764666.57 10,10 389.07,551.90
0000000000f9_0083 1400764359.71
0000000000f9_00b5 1400763887.1
0000000000f9_0090 1400761957.16 10 11.57
0000000000f9_0047 1400763522.44 3 6.49
0000000000f9_0083 1400764495.85
0000000000f9_00b5 1400763997.26
0000000000f9_00bc 1400763232.12 4,4 93.24,82.38
0000000000f9_0092 1400763484.4 10,6,1,10 112.97,40.48,97.38,172.67
0000000000f9_0047 1400763607.58 3,11 124.33,175.75
0000000000f9_0083 1400764786.96
0000000000f9_00b5 1400764226.41
0000000000f9_0090 1400762062.3 10,10 134.77,378.03
0000000000f9_0083 1400764850.07
0000000000f9_0047 1400763778.74 3,11 8.05,145.99
0000000000f9_00b5 1400764365.55
0000000000f9_0083 1400765107.21
0000000000f9_0090 1400762279.42 10 14.42
0000000000f9_0092 1400763642.52 10,6,1,10 85.48,60.20,4.36,86.93
0000000000f9_0047 1400763860.88 3,11 94.45,145.95
0000000000f9_00bc 1400763305.21 4,4 88.49,89.47
0000000000f9_0091 1400764811.69 10,10,10 85.48,166.60,250.78
0000000000f9_003a 1400764374.58 2,2,2,2 6.24,7.70,5.69,37.47
0000000000f9_0047 1400763943.02 3,11 6.55,158.04
0000000000f9_0090 1400762355.51 10 113.85
0000000000f9_00bf 1400762927.31
0000000000f9_0092 1400763711.59 10,6,1,10 85.48,76.13,115.26,205.71
0000000000f9_0091 1400764966.83 10,10,10 215.86,39.66,224.46
0000000000f9_00bc 1400763595.33 4 88.75
0000000000f9_0093 1400761726.74
0000000000f9_0047 1400764072.18 3,11 94.44,145.55
0000000000f9_0093 1400761926.85 10 13.38
0000000000f9_0091 1400765049.9 10,10,10 206.40,121.23,210.94
0000000000f9_0090 1400762652.63 10,10 10.24,85.94
0000000000f9_0092 1400763906.75 10,6,1,10 86.16,55.60,108.38,89.56
0000000000f9_0047 1400764137.26 3,11 94.01,145.84
0000000000f9_00bc 1400763844.45
0000000000f9_0093 1400762115.98 10,10 180.21,122.03
0000000000f9_0047 1400764197.37 3,11 94.00,146.15
0000000000f9_00bc 1400764078.57
0000000000f9_0092 1400764132.9 10,6,1,10 86.05,55.60,90.65,85.88
0000000000f9_00b5 1400764595.7
0000000000f9_00b5 1400764731.8
0000000000f9_00b5 1400764873.88
0000000000f9_00b5 1400765000.0
0000000000f9_0050 1400762928.11
0000000000f9_0093 1400762346.1 10 233.20
0000000000f9_0090 1400762902.81 10,10 12.45,85.63
0000000000f9_0047 1400764398.51 3,11 106.77,158.26
0000000000f9_0093 1400762523.2 10 101.89
0000000000f9_0092 1400764395.96 6,1 68.50,122.30
0000000000f9_0047 1400764565.67 3 11.77
0000000000f9_00bc 1400764214.66 4 91.91
0000000000f9_0093 1400762603.33 10 101.87
0000000000f9_0090 1400763084.94 10,10 147.84,315.14
0000000000f9_0050 1400763061.29 15,14 141.23,16.60
0000000000f9_0047 1400764648.86 3 29.90
0000000000f9_0092 1400764474.07 6,1 177.68,165.56
0000000000f9_0093 1400762689.39 10,10 189.52,208.11
0000000000f9_00bc 1400764459.76
0000000000f9_00bf 1400763220.36 13,6,13,12 89.58,49.28,111.92,36.14
0000000000f9_0047 1400764842.03 3 91.69
0000000000f9_00bf 1400763408.44 6,6,13 177.36,44.28,115.79
0000000000f9_0092 1400764624.23 6,1 201.61,6.36
0000000000f9_0090 1400763147.06 3,10 11.80,141.24
0000000000f9_0050 1400763344.48 15 103.28
0000000000f9_00bf 1400763638.48 6,6 177.36,8.00
0000000000f9_0093 1400762849.54 10,10 200.85,160.32
0000000000f9_0047 1400765033.17 3 7.17
0000000000f9_00bf 1400763698.55 6,6,13 177.36,4.77,90.11
0000000000f9_00bf 1400763988.62 6,6,13 5.45,40.98,120.42
0000000000f9_0092 1400764687.32 6,1 41.62,93.76
0000000000f9_00bf 1400764179.68 6,6,13 59.54,43.48,116.79
0000000000f9_00bc 1400764654.89 4,4 81.86,89.72
0000000000f9_00bf 1400764284.7 6,6,13 53.43,50.72,123.07
0000000000f9_0093 1400762976.72 10,10 100.75,12.27
0000000000f9_0050 1400763553.68 15 108.69
0000000000f9_0092 1400764962.48 6,1 41.62,93.30
0000000000f9_003a 1400764443.82 2,2,2,5 61.69,1042.56,1304.29,89.26
0000000000f9_00bf 1400764507.78 6,6 45.66,46.57
0000000000f9_00bf 1400764664.88 6,6 45.66,41.20
0000000000f9_00bf 1400764818.99 6,6 82.52,36.64
0000000000f9_00bf 1400764918.08 6,6 40.52,55.43
0000000000f9_0093 1400763233.83 10,10,10 144.65,89.04,94.42
0000000000f9_00bf 1400765085.18 6,6 40.52,63.58
0000000000f9_00bc 1400764941.01 4 84.92
0000000000f9_0092 1400765035.57 6,1 198.81,174.53
0000000000f9_0050 1400763738.88 15 371.55
0000000000f9_0093 1400763349.91 1,10 6.57,85.79
0000000000f9_0093 1400763466.06 6,10 42.25,87.32
0000000000f9_004d 1400762929.86
0000000000f9_0050 1400764037.09 15 104.07
0000000000f9_0093 1400763598.2 6 25.72
0000000000f9_0050 1400764281.39
0000000000f9_0093 1400763733.38 6,10 6.79,104.93
0000000000f9_0093 1400764011.45 1,10 7.49,86.36
0000000000f9_0050 1400764532.6
0000000000f9_0093 1400764133.58 6,10 84.17,194.88
0000000000f9_0090 1400763309.19 3,10 83.11,134.49
0000000000f9_0090 1400763598.34 3,10 79.49,135.67
0000000000f9_0090 1400763814.45 3,10 95.29,152.30
0000000000f9_0090 1400764106.63 3,10 100.82,157.10
0000000000f9_0090 1400764300.78 3,10 6.69,228.61
0000000000f9_0093 1400764297.73 1,10 22.85,190.01
0000000000f9_0090 1400764507.93 3 4.80
0000000000f9_0050 1400764613.72 14,15,15 320.08,644.80,556.75
0000000000f9_0093 1400764551.88 6 59.88
0000000000f9_004d 1400763223.01 13,13,12 128.76,94.98,47.87
0000000000f9_0093 1400764802.06 1 5.78
0000000000f9_0090 1400764676.11 3 7.31
0000000000f9_003a 1400764527.11 2,2,2,2 153.69,117.04,519.05,38.26
0000000000f9_004f 1400764130.32
0000000000f9_0093 1400765064.18 6 60.53
0000000000f9_0050 1400764787.94 14,15,15 81.49,177.64,478.44
0000000000f9_004f 1400764298.47 5 90.56
0000000000f9_0090 1400764824.29 3 7.10
0000000000f9_004f 1400764447.63 5 215.15
0000000000f9_0090 1400764999.42 3 92.15
0000000000f9_004d 1400763439.16 13 120.40
0000000000f9_004d 1400763557.3 13 118.13
0000000000f9_004d 1400763660.44 13 190.56
0000000000f9_004f 1400764592.73 5,5 255.96,260.99
0000000000f9_0050 1400764895.15 14,15,15 61.63,463.93,462.53
0000000000f9_0090 1400765061.5 3 89.49
0000000000f9_004d 1400763957.59 13,13 123.56,120.13
0000000000f9_004f 1400764888.88 7,5,5 38.50,222.58,219.68
0000000000f9_004d 1400764040.73 13,13 180.88,183.82
0000000000f9_004d 1400764206.88 13,13 153.64,164.40
0000000000f9_0050 1400765039.37 14,15,15 50.23,474.07,447.39
0000000000f9_004f 1400764991.03 7,5,5 154.72,229.05,231.27
0000000000f9_004d 1400764407.04
0000000000f9_004d 1400764662.18 13 126.10
0000000000f9_003a 1400764620.39 2,2,2,5 52.83,95.71,528.20,260.02
0000000000f9_004d 1400764922.33 13,12,13 125.66,11.76,250.09
0000000000f9_003a 1400764805.67 2,2,2,5 146.56,57.85,8.03,117.81
0000000000f9_003a 1400764959.97 2,2,2,5 30.39,72.17,601.34,188.32
0000000000f9_0051 1400761742.87
0000000000f9_0051 1400761812.03 14,5,8 15.89,11.00,89.16
0000000000f9_0051 1400762040.21 14,5,8 82.74,33.78,93.00
0000000000f9_0051 1400762189.41 14,5,8 230.83,400.05,309.43
0000000000f9_0051 1400762446.6 14,5,8 285.87,6.10,183.00
0000000000f9_0051 1400762646.82 14,5,8 254.98,18.68,344.90
0000000000f9_0051 1400762920.08 8,5,8 224.27,32.07,307.85
0000000000f9_0051 1400763149.29 8 227.08
0000000000f9_0051 1400763221.47 8,8,8 90.71,108.51,192.80
0000000000f9_0051 1400763445.65 8,8,8 87.89,320.09,101.83
0000000000f9_0051 1400763711.87 8,8,8 225.26,88.81,243.12
0000000000f9_0051 1400763804.07 8,8,8 241.12,278.33,280.11
0000000000f9_0051 1400764093.27 8,8,8 242.59,327.88,323.08
0000000000f9_0051 1400764299.46 8,8,8 87.92,377.47,382.21
0000000000f9_0051 1400764560.67 8,8,8 87.56,251.67,253.45
0000000000f9_0051 1400764810.87 8,8,8 167.05,131.02,454.93
0000000000f9_0051 1400765012.07 8,8,8 252.57,140.21,355.23
0000000000f9_0051 1400765075.2 8,8,8 95.16,274.64,477.38
0000000000f9_0076 1400764123.39
0000000000f9_0076 1400764205.54 1,1,1 8.98,4.45,15.63
0000000000f9_0076 1400764492.75 1,1,1 35.61,27.46,6.67
0000000000f9_0076 1400764593.9 1,8,5 56.34,220.92,180.06
0000000000f9_0076 1400764761.07 1,1,5 108.71,28.87,144.23
0000000000f9_0076 1400764861.21 1,8,5 176.29,168.97,152.92
0000000000f9_0076 1400764983.36 1,1,5 70.20,21.78,158.15
