0000000000f9_00a7 1400776156.98
0000000000f9_00a6 1400773755.69
0000000000f9_00a6 1400773956.72 1 4.42
0000000000f9_00a7 1400776248.03 1 5.79
0000000000f9_00a9 1400773755.76
0000000000f9_00a7 1400776481.14 1 53.81
0000000000f9_00a6 1400774168.8 4,1 7.23,24.38
0000000000f9_00a9 1400773856.86
0000000000f9_00a7 1400776757.23 1 6.01
0000000000f9_00a9 1400774149.94
0000000000f9_00a6 1400774231.91 1 22.87
0000000000f9_00a3 1400773755.62
0000000000f9_00a7 1400777048.33 1 22.14
0000000000f9_00a3 1400773929.73
0000000000f9_00a6 1400774358.01 1 22.57
0000000000f9_0057 1400774955.78
0000000000f9_00a9 1400774287.02
0000000000f9_00a7 1400777333.44 1 8.30
0000000000f9_00a3 1400774210.84
0000000000f9_0082 1400774955.79
0000000000f9_00a9 1400774477.12
0000000000f9_00a6 1400774576.11 4,1 10.74,2.86
0000000000f9_00a3 1400774425.94
0000000000f9_0058 1400773755.73
0000000000f9_00a9 1400774570.21
0000000000f9_0068 1400774955.78
0000000000f9_00a3 1400774577.04
0000000000f9_00a6 1400774749.23 4,1 9.33,21.05
0000000000f9_0057 1400775235.83 1 6.07
0000000000f9_00a3 1400774690.17
0000000000f9_00a9 1400774844.32
0000000000f9_0076 1400776155.81
0000000000f9_0058 1400773833.82
0000000000f9_008c 1400773755.96
0000000000f9_00aa 1400776156.0
0000000000f9_00a6 1400775042.34 4,1 9.23,2.83
0000000000f9_0082 1400775096.95 4,2 14.05,5.95
0000000000f9_00a3 1400774958.26
0000000000f9_00a9 1400775104.43
0000000000f9_0065 1400774955.77
0000000000f9_00a3 1400775070.36
0000000000f9_00a9 1400775214.54
0000000000f9_0068 1400775248.91 135.55,3.70
0000000000f9_008c 1400773980.1
0000000000f9_0058 1400773954.91
0000000000f9_0057 1400775378.96 4 66.35
0000000000f9_0076 1400776415.93 1 7.68
0000000000f9_0066 1400773755.73
0000000000f9_00a3 1400775278.47 11,1 134.70,3.52
0000000000f9_00a4 1400776156.36
0000000000f9_008c 1400774237.17
0000000000f9_0055 1400773756.32
0000000000f9_0058 1400774045.07
0000000000f9_00a3 1400775491.59 11,1 103.00,3.52
0000000000f9_00a6 1400775232.45 1,3,1 20.13,25.40,2.13
0000000000f9_0007 1400774955.27
0000000000f9_00a3 1400775749.71 11,1 109.80,4.04
0000000000f9_008c 1400774470.32
0000000000f9_0058 1400774159.15
0000000000f9_0082 1400775229.07 4,2,2 96.91,86.39,5.02
0000000000f9_0066 1400773877.86 10.31
0000000000f9_00a6 1400775395.56 4,1,3,1 10.76,22.02,52.57,29.16
0000000000f9_0068 1400775464.05 63.39,135.40
0000000000f9_00a3 1400775847.82 11,1 111.16,28.68
0000000000f9_0055 1400774034.46
0000000000f9_0007 1400775089.38
0000000000f9_008c 1400774752.46
0000000000f9_00a9 1400775495.62 1 3.15
0000000000f9_00a3 1400776055.9 11,1 100.63,155.91
0000000000f9_0058 1400774298.33
0000000000f9_0076 1400776699.07 4,1,5,3 15.76,3.08,228.89,222.07
0000000000f9_00a6 1400775685.64 4,1,1 7.37,43.72,40.07
0000000000f9_0007 1400775318.42 4,4,3 9.79,6.56,11.93
0000000000f9_0055 1400774173.6
0000000000f9_0066 1400774121.0 2.94
0000000000f9_008c 1400774878.61
0000000000f9_00a8 1400774956.63
0000000000f9_00a3 1400776181.02 11,1 121.40,4.05
0000000000f9_0082 1400775316.21 4,2,2 102.26,182.38,179.44
0000000000f9_00a9 1400775732.72 1 3.48
0000000000f9_0058 1400774497.47
0000000000f9_00a6 1400775838.75 4,1,1 41.50,45.74,45.62
0000000000f9_00a9 1400775906.82 1 59.78
0000000000f9_0052 1400776156.66
0000000000f9_008c 1400774939.78
0000000000f9_0055 1400774438.68
0000000000f9_0066 1400774234.14 115.38
0000000000f9_00a9 1400776006.92 1 48.75
0000000000f9_0007 1400775548.53 4,4,3 13.79,93.11,113.29
0000000000f9_00a6 1400775922.88 4,1,1 12.10,44.14,3.37
0000000000f9_0076 1400776807.2 4,1,5 165.68,162.84,129.86
0000000000f9_0058 1400774769.61
0000000000f9_00a9 1400776105.02 1 44.17
0000000000f9_0065 1400775079.92 10 27.35
0000000000f9_00a8 1400775169.73 2 3.79
0000000000f9_00a6 1400776189.97 4,1,1 20.20,3.06,84.62
0000000000f9_0055 1400774693.83
0000000000f9_0058 1400774886.71
0000000000f9_00a9 1400776301.12 1 3.78
0000000000f9_00ab 1400774955.76
0000000000f9_0082 1400775614.36 4,2,2 37.21,3.60,5.41
0000000000f9_0066 1400774520.28 9.54
0000000000f9_00a8 1400775237.81 4,1 22.21,36.54
0000000000f9_0065 1400775289.08 10 160.98
0000000000f9_008c 1400775168.93 3,4,4 6.84,6.77,7.42
0000000000f9_0058 1400775147.85
0000000000f9_0057 1400775578.09 1,10,1 4.23,32.81,20.36
0000000000f9_00a4 1400776221.4 1,2,1 3.71,4.71,9.55
0000000000f9_0055 1400774818.97
0000000000f9_0076 1400776971.35 4,1,5 119.35,279.04,212.29
0000000000f9_00a8 1400775304.85 2,1 10.85,3.40
0000000000f9_0066 1400774714.42 82.02
0000000000f9_0007 1400775712.63 4,4 99.19,7.81
0000000000f9_00ab 1400775171.8 8,1 86.15,2.28
0000000000f9_00a4 1400776313.5 1,4,1 24.64,20.95,63.86
0000000000f9_00a5 1400774956.78
0000000000f9_0082 1400775755.45 4,2,2 139.56,130.88,133.04
0000000000f9_0058 1400775434.0 1 5.38
0000000000f9_0055 1400775102.12
0000000000f9_00a5 1400775017.85
0000000000f9_008c 1400775359.08 3,4,4 36.71,138.89,6.83
0000000000f9_0065 1400775494.23 1,10,1 27.58,31.69,4.60
0000000000f9_0066 1400774803.53 83.94
0000000000f9_00a4 1400776419.61 1,2,1,1,5 25.52,50.72,3.45,49.55,83.13
0000000000f9_0057 1400775852.12 1,10,4 134.75,39.09,118.56
0000000000f9_0076 1400777120.44 4,1,5 103.01,107.21,156.99
0000000000f9_00a8 1400775588.97 4,1 19.36,3.26
0000000000f9_0058 1400775536.13 1 229.88
0000000000f9_001c 1400774956.47
0000000000f9_0082 1400776016.59 4,2,2 178.11,204.20,5.02
0000000000f9_00a5 1400775247.96 11,1 95.71,3.57
0000000000f9_0066 1400774999.67 76.92
0000000000f9_00a4 1400776696.73 1,2,1,1,5 6.93,3.79,3.46,3.39,84.43
0000000000f9_008c 1400775501.18 3,4,4 219.91,222.04,244.91
0000000000f9_0055 1400775181.19 3,1 13.58,5.10
0000000000f9_00a8 1400775864.08 2,1 7.60,3.40
0000000000f9_001c 1400775109.59
0000000000f9_0058 1400775726.19 1 4.60
0000000000f9_00a5 1400775428.08 11,1 141.46,19.78
0000000000f9_0076 1400777223.61 4,1,5 154.24,171.04,231.66
0000000000f9_0096 1400776156.28
0000000000f9_0096 1400776305.46 4 9.93
0000000000f9_0096 1400776372.53 4 218.50
0000000000f9_0096 1400776514.68 4 76.57
0000000000f9_0057 1400776083.24 1,10,4 134.75,25.30,10.83
0000000000f9_00a4 1400776767.81 1,2,1,1,5 16.17,21.64,175.37,41.92,87.19
0000000000f9_0066 1400775084.78 88.33
0000000000f9_00a8 1400776143.19 4,1 9.04,3.21
0000000000f9_0082 1400776301.79 4,2,2 35.97,147.61,7.23
0000000000f9_00a5 1400775725.19 11,1 175.17,3.40
0000000000f9_0096 1400776775.76 4 7.56
0000000000f9_00aa 1400776233.1 1,4,1,1 3.05,6.75,3.95,3.57
0000000000f9_008c 1400775594.27 3,4,4 224.26,226.87,8.92
0000000000f9_001c 1400775196.72 4,4 23.87,10.88
0000000000f9_0058 1400775926.41 1 32.58
0000000000f9_0096 1400777034.87 4 7.86
0000000000f9_0055 1400775377.41 1 32.07
0000000000f9_00a4 1400777051.92 1,2,1,1,5 20.60,20.17,3.30,3.34,83.68
0000000000f9_00a8 1400776411.28 1,2,1,1,5 1.87,9.53,3.22,3.56,87.69
0000000000f9_00a5 1400775908.31 11,1 117.58,3.42
0000000000f9_0076 1400777318.77 4,1,5 210.20,503.53,404.15
0000000000f9_0096 1400777108.99 4 46.17
0000000000f9_0066 1400775197.91 63.56,3.86
0000000000f9_00aa 1400776461.13 1 72.77
0000000000f9_001c 1400775318.87 4,4 133.86,121.59
0000000000f9_0052 1400776433.8 4,4,7 7.77,12.94,653.23
0000000000f9_0065 1400775693.34 1,10,4,3 26.86,68.90,127.43,25.82
0000000000f9_0057 1400776275.36 1,10,1 24.97,34.30,94.94
0000000000f9_0058 1400776198.51 1 4.69
0000000000f9_00a4 1400777211.03 1,2,1,1,5 1.87,5.77,125.11,17.85,86.28
0000000000f9_00a5 1400776015.42 11,1 100.18,3.37
0000000000f9_00a8 1400776531.4 1,2,1,1,5 1.05,10.14,35.31,80.01,85.91
0000000000f9_008c 1400775708.48 3,4,4 38.64,161.92,31.70
0000000000f9_0055 1400775437.57 1 31.24
0000000000f9_0068 1400775756.22 10 6.90,39.79
0000000000f9_0082 1400776388.92 4,2,2,2,5 60.09,54.51,5.09,49.64,84.51
0000000000f9_00aa 1400776702.23 1 4.03
0000000000f9_00a5 1400776170.55 11,1 103.24,3.49
0000000000f9_0066 1400775434.11 20.00,27.40
0000000000f9_001c 1400775430.92 4 140.91
0000000000f9_0052 1400776512.88 4,4,7 68.27,408.26,175.44
0000000000f9_0007 1400775950.75 4,12 5.52,54.09
0000000000f9_00a8 1400776660.51 1,2,1,1,5 30.43,52.96,30.92,303.27,109.95
0000000000f9_0065 1400775847.43 1,10,4 4.19,54.31,190.45
0000000000f9_00a5 1400776453.65 11,1,5 108.72,3.52,83.92
0000000000f9_008c 1400776007.63 3,4,4 8.44,218.54,6.85
0000000000f9_00aa 1400776992.34 1 12.38
0000000000f9_0057 1400776395.49 1,10,4,1 5.85,30.05,10.84,4.17
0000000000f9_001c 1400775630.06 4,4 12.86,214.87
0000000000f9_00a8 1400776859.62 1,2,1,1,5 7.64,13.74,3.90,3.47,83.58
0000000000f9_0055 1400775519.76 1 32.56
0000000000f9_0068 1400775993.36 5.55,24.56,18.78
0000000000f9_00a5 1400776555.75 11,1,1,5 106.72,46.95,11.20,105.88
0000000000f9_00aa 1400777115.43 1 3.67
0000000000f9_0066 1400775559.25 159.06,162.05
0000000000f9_00ab 1400775296.89 8,10,1 94.09,91.85,18.61
0000000000f9_0052 1400776675.0 4,4,7 58.38,338.88,209.24
0000000000f9_0082 1400776467.06 2,2,2,5 58.23,32.36,188.58,282.06
0000000000f9_00a8 1400776993.71 1,2,1,1,5 3.69,16.09,25.43,75.15,86.82
0000000000f9_0065 1400775982.51 1,10,4,3 67.42,60.70,79.68,74.07
0000000000f9_00a5 1400776640.85 11,1,1,5 100.57,119.81,25.16,84.76
0000000000f9_001c 1400775903.23 4,4 17.84,177.16
0000000000f9_0007 1400776090.89 4,4 125.78,16.72
0000000000f9_0007 1400776280.97 4,4 7.70,6.97
0000000000f9_0066 1400775714.44 13.84,25.72
0000000000f9_00a5 1400776778.98 11,1,1,5 87.85,21.83,76.77,86.94
0000000000f9_008c 1400776246.78 3,4,4 165.10,160.42,7.08
0000000000f9_0068 1400776130.47 88.63,16.83,159.94
0000000000f9_007f 1400782258.52
0000000000f9_0055 1400775746.85 1 178.96
0000000000f9_00ab 1400775388.96 8,10,1 86.31,108.89,8.21
0000000000f9_00a8 1400777289.82 1,2,1,1,5 5.97,5.24,3.34,3.18,83.89
0000000000f9_0052 1400776744.06 4,4,7 440.21,159.30,204.60
0000000000f9_0065 1400776237.59 1,10,1,3 66.35,182.05,149.85,174.37
0000000000f9_00a5 1400777049.09 11,1,1,5 102.31,4.45,3.32,83.96
0000000000f9_0082 1400776763.2 1,2,2,2,5 8.60,113.38,5.45,6.00,84.30
0000000000f9_007f 1400782327.6
0000000000f9_0007 1400776529.09 4,7 7.70,87.01
0000000000f9_0066 1400775776.52 136.86,149.62
0000000000f9_0007 1400776734.13 4,4,4,7 41.04,24.69,76.49,139.50
0000000000f9_0068 1400776238.62 10 13.16,29.56
0000000000f9_0055 1400775936.06 1 15.13
0000000000f9_007f 1400782441.7
0000000000f9_001c 1400776141.32 4 32.98
0000000000f9_00ab 1400775482.07 8,10,1 101.77,99.16,18.39
0000000000f9_00a5 1400777218.2 11,1,1,5 87.55,41.74,123.05,90.92
0000000000f9_001c 1400776386.46 4,4 14.36,191.75
0000000000f9_0083 1400773758.22
0000000000f9_0057 1400776594.62 1,1,1,5,3 4.83,81.70,135.95,85.74,105.88
0000000000f9_0052 1400776919.2 4,4,7 225.57,91.29,201.98
0000000000f9_007f 1400782675.84
0000000000f9_0066 1400775988.67 107.24,105.89
0000000000f9_0007 1400777025.26 4,4,4,7,3 126.45,110.16,8.34,158.41,43.00
0000000000f9_0055 1400776097.2 1 179.28
0000000000f9_0083 1400774020.31
0000000000f9_0065 1400776509.74 1,4,30,5,3 52.05,5.99,4.71,85.13,227.09
0000000000f9_007f 1400782785.97
0000000000f9_001c 1400776489.64 4,4 19.60,140.28
0000000000f9_0082 1400776972.35 1,2,2,2,5 138.71,24.05,4.97,5.16,87.11
0000000000f9_00ab 1400775677.19 8,10,1 124.10,257.31,23.38
0000000000f9_0083 1400774278.39
0000000000f9_0068 1400776448.7 124.42,4.47,2.78,85.07,54.78
0000000000f9_0066 1400776275.82 147.53,157.38
0000000000f9_0057 1400776690.75 1,4,1,5 31.93,28.80,51.72,86.02
0000000000f9_0052 1400777101.48 4,4,7 19.93,91.95,108.57
0000000000f9_001c 1400776675.72 4,4 16.54,143.78
0000000000f9_0083 1400774375.53
0000000000f9_00ab 1400775740.27 8,10,1 106.22,102.67,25.67
0000000000f9_007f 1400782855.09
0000000000f9_007f 1400782986.21
0000000000f9_0065 1400776773.9 1,1,30,5,3 5.00,90.65,159.58,85.54,167.38
0000000000f9_0083 1400774649.68
0000000000f9_0052 1400777316.64 4,4,7 158.95,102.15,358.91
0000000000f9_0082 1400777244.49 1,2,2,2,5 139.25,6.78,5.47,5.76,86.08
0000000000f9_001c 1400776870.8 4,4 13.54,158.14
0000000000f9_0007 1400777120.39 4,4,4,7 78.61,50.64,98.94,180.22
0000000000f9_0007 1400777186.49 4,4,4,7 6.38,79.70,99.62,147.60
0000000000f9_007f 1400783136.36
0000000000f9_003f 1400773767.4
0000000000f9_0083 1400774714.8
0000000000f9_00ab 1400776031.38 8,10,1 88.05,113.13,30.55
0000000000f9_0068 1400776527.76 191.71,192.60,190.15,181.98,177.88
0000000000f9_0057 1400776824.84 1,1,1,5 25.62,63.77,241.01,128.61
0000000000f9_007f 1400783306.51
0000000000f9_001c 1400776997.92 4,4 131.60,27.37
0000000000f9_003f 1400774027.45 4,4 63.46,19.31
0000000000f9_0083 1400774953.88
0000000000f9_0065 1400776882.02 1,4,30,5,3 165.46,140.40,235.67,372.16,362.35
0000000000f9_007f 1400783414.64
0000000000f9_00ab 1400776179.45 8,10,1 160.36,124.56,22.82
0000000000f9_0083 1400775165.07
0000000000f9_007f 1400783650.74
0000000000f9_001c 1400777151.08 4,4 17.48,30.09
0000000000f9_0083 1400775354.17
0000000000f9_003f 1400774198.57 4,4 72.74,147.99
0000000000f9_0057 1400776917.88 1,4,1,5 4.77,29.60,54.30,121.47
0000000000f9_0068 1400776699.9 16.15,131.19,134.60,156.24,127.64
0000000000f9_007f 1400783904.83
0000000000f9_00ab 1400776362.56 8,10,1 95.70,98.26,12.54
0000000000f9_0083 1400775632.29
0000000000f9_0065 1400777058.16 1,1,30,5,3 34.31,84.43,85.88,200.14,22.36
0000000000f9_003a 1400776158.89
0000000000f9_007f 1400784033.98
0000000000f9_003f 1400774479.71 4,4 6.86,66.97
0000000000f9_00c6 1400773757.97
0000000000f9_0083 1400775766.43
0000000000f9_00ab 1400776591.66 10,1 114.30,4.11
0000000000f9_00c6 1400773958.04
0000000000f9_007f 1400784209.1
0000000000f9_003f 1400774668.86
0000000000f9_00ca 1400776158.7
0000000000f9_0057 1400777008.97 1,1,1,5 109.05,39.65,216.59,139.08
0000000000f9_007f 1400784411.23
0000000000f9_00c6 1400774078.19
0000000000f9_0083 1400775963.57
0000000000f9_00ab 1400776884.76 10,1 121.28,28.02
0000000000f9_00ca 1400776369.79
0000000000f9_0065 1400777270.34 1,4,30,5,3 18.97,25.34,35.09,275.20,291.76
0000000000f9_00ca 1400776458.89
0000000000f9_0068 1400776893.02 5.72,9.84,12.79,154.39,157.81
0000000000f9_0083 1400776190.62
0000000000f9_00ca 1400776579.0
0000000000f9_003f 1400774738.97 4,4 22.65,10.16
0000000000f9_00ca 1400776711.12
0000000000f9_00ab 1400777030.86 10,1 94.81,7.55
0000000000f9_0083 1400776283.77
0000000000f9_00ca 1400776869.16
0000000000f9_007f 1400784474.35
0000000000f9_00ca 1400777025.26
0000000000f9_007f 1400784647.5
0000000000f9_0057 1400777209.11 1,4,1,5 103.70,25.84,167.07,141.00
0000000000f9_00ca 1400777090.34
0000000000f9_00b5 1400774959.33
0000000000f9_00c6 1400774333.33
0000000000f9_003f 1400774898.12 4,4 118.58,341.25
0000000000f9_00ca 1400777348.36
0000000000f9_00ab 1400777275.98 10,1 101.14,3.58
0000000000f9_0068 1400777008.16 6.70,155.15,154.98,126.90,21.38
0000000000f9_00b5 1400775154.39
0000000000f9_00c6 1400774600.47
0000000000f9_00c6 1400774700.6
0000000000f9_00b5 1400775250.52
0000000000f9_00b5 1400775409.63
0000000000f9_00b5 1400775563.69
0000000000f9_0068 1400777297.3 35.92,5.03,149.60,164.85,152.79
0000000000f9_00c6 1400774827.74
0000000000f9_00b5 1400775671.84
0000000000f9_00b5 1400775796.94
0000000000f9_00c6 1400774961.9
0000000000f9_00c6 1400775102.1
0000000000f9_00c6 1400775223.25 10,12 35.39,34.90
0000000000f9_00c6 1400775311.36 10,12 106.17,101.06
0000000000f9_00b5 1400776029.09
0000000000f9_00b5 1400776243.19
0000000000f9_00c6 1400775399.5 10,12 34.95,29.25
0000000000f9_00b5 1400776523.34
0000000000f9_003a 1400776285.12 4,1,2,2 26.56,43.72,20.92,61.36
0000000000f9_00b5 1400776643.49
0000000000f9_003f 1400775189.26 4,4,3,4 5.52,7.06,133.06,16.93
0000000000f9_00b5 1400776802.64
0000000000f9_00c6 1400775640.68 10,12 74.93,133.73
0000000000f9_00b5 1400777013.79
0000000000f9_00c6 1400775823.82 10,12 97.62,60.27
0000000000f9_0090 1400773759.67
0000000000f9_003f 1400775328.41 4,4,3,4 114.98,138.12,117.20,73.43
0000000000f9_0047 1400774960.37
0000000000f9_0090 1400773888.82
0000000000f9_00c6 1400776103.97 10,12 64.97,97.48
0000000000f9_00bf 1400774960.42
0000000000f9_00bf 1400775105.53
0000000000f9_00bf 1400775260.58 13 135.70
0000000000f9_00b5 1400777107.9
0000000000f9_00bf 1400775419.69 13 102.80
0000000000f9_003f 1400775605.54 4,4 245.64,63.17
0000000000f9_0047 1400775036.46 14 44.64
0000000000f9_0090 1400773959.93
0000000000f9_0093 1400773759.67
0000000000f9_0091 1400776160.2
0000000000f9_00bf 1400775660.8 13 129.24
0000000000f9_00bf 1400775954.91 13 121.57
0000000000f9_0093 1400774037.81
0000000000f9_0090 1400774230.07
0000000000f9_003f 1400775761.72 4,4,4 58.81,122.94,27.20
0000000000f9_00c6 1400776176.05 10,12 40.99,89.47
0000000000f9_0091 1400776328.32 10 93.01
0000000000f9_0092 1400775253.47 10 87.95
0000000000f9_0047 1400775281.59 14,11 138.48,99.64
0000000000f9_0093 1400774153.91
0000000000f9_0090 1400774439.26
0000000000f9_00bf 1400776123.93 13 154.46
0000000000f9_00bf 1400776260.04 13 149.07
0000000000f9_00bf 1400776424.15 13 150.71
0000000000f9_00bf 1400776543.26 12 72.19
0000000000f9_00bf 1400776779.31 12 73.24
0000000000f9_0091 1400776515.42 10 223.44
0000000000f9_003f 1400775987.86 4,4 35.50,255.88
0000000000f9_0093 1400774425.04
0000000000f9_0092 1400775540.59 10,10 128.50,89.14
0000000000f9_0090 1400774597.35
0000000000f9_0047 1400775481.74 11,11 142.79,135.15
0000000000f9_00bf 1400777016.38 12 81.70
0000000000f9_00bf 1400777169.49 12 65.41
0000000000f9_00bf 1400777288.58 12 67.21
0000000000f9_0093 1400774686.12
0000000000f9_0091 1400776633.52 10 20.36
0000000000f9_0090 1400774875.46
0000000000f9_003f 1400776177.0 4,4,4 7.82,215.27,224.48
0000000000f9_0092 1400775616.71 10,10 156.51,148.69
0000000000f9_0047 1400775625.89 11,11 137.47,256.56
0000000000f9_0093 1400774925.26
0000000000f9_0091 1400776835.67 10 148.54
0000000000f9_0090 1400775080.6
0000000000f9_0093 1400775085.46
0000000000f9_0090 1400775167.76
0000000000f9_003f 1400776316.15 4,4,4 127.36,187.21,195.14
0000000000f9_0092 1400775842.87 10,10 160.34,105.97
0000000000f9_0047 1400775855.06 11,11 137.95,179.72
0000000000f9_0091 1400777131.82 10 38.38
0000000000f9_0093 1400775172.59 10 87.49
0000000000f9_0090 1400775255.9 10 350.04
0000000000f9_0092 1400775978.97 10,10 219.29,217.90
0000000000f9_0047 1400775954.2 11,11 121.21,329.35
0000000000f9_0050 1400774961.04
0000000000f9_0093 1400775384.73 10 94.81
0000000000f9_0090 1400775322.03 10 130.06
0000000000f9_0093 1400775525.85 10 230.04
0000000000f9_0047 1400776043.3 11,11 148.16,186.91
0000000000f9_0092 1400776243.12 10,10 169.51,97.66
0000000000f9_0090 1400775516.14 10 90.05
0000000000f9_0093 1400775586.97 10 160.49
0000000000f9_0047 1400776139.44 11,11 136.49,183.68
0000000000f9_0050 1400775055.22 15 105.43
0000000000f9_0090 1400775757.25 10 101.48
0000000000f9_003a 1400776509.35 1,2,2,2,5 7.80,6.70,7.82,10.38,106.11
0000000000f9_0092 1400776471.27 10,10,10,10 89.30,97.18,103.26,30.35
0000000000f9_0093 1400775882.08 10 107.89
0000000000f9_0047 1400776199.53 11,11 136.95,184.02
0000000000f9_0090 1400775881.39 10 222.81
0000000000f9_0093 1400776174.22 10 99.40
0000000000f9_0090 1400776024.54 10 123.32
0000000000f9_0092 1400776639.38 10,10,10,10 191.18,248.48,131.84,125.25
0000000000f9_0047 1400776398.69 11,11 128.97,224.68
0000000000f9_0050 1400775269.41 15 283.70
0000000000f9_0090 1400776155.67 10 168.20
0000000000f9_0047 1400776622.84 11,11 93.78,93.03
0000000000f9_0092 1400776811.5 10,10,10,10 189.50,96.02,430.42,128.88
0000000000f9_0090 1400776288.83 10 164.55
0000000000f9_0047 1400776886.98 11,11 94.78,97.03
0000000000f9_00d1 1400776158.57
0000000000f9_00d1 1400776278.68
0000000000f9_00d1 1400776565.79
0000000000f9_0092 1400776993.6 10,10,10,10 202.95,249.70,210.00,136.25
0000000000f9_00d1 1400776747.83
0000000000f9_0047 1400777124.11 11,11 229.85,121.89
0000000000f9_0050 1400775368.61 15,15 225.73,221.46
0000000000f9_00d1 1400776902.94
0000000000f9_00d1 1400777023.05
0000000000f9_00d1 1400777194.17
0000000000f9_00d1 1400777283.27
0000000000f9_0092 1400777195.71 10,10,10 88.32,95.13,37.44
0000000000f9_0050 1400775565.83 15,15 358.07,367.65
0000000000f9_0050 1400775698.03 15,15 295.94,290.90
0000000000f9_003a 1400776770.63 1,2,2,2,5 238.69,6.57,7.81,10.90,87.09
0000000000f9_0050 1400775946.25 15,15 352.26,362.36
0000000000f9_0050 1400776152.47 15,15 314.55,311.70
0000000000f9_0050 1400776243.67 15,15 365.72,395.14
0000000000f9_0050 1400776493.88 15 336.80
0000000000f9_0050 1400776562.06 15 336.49
0000000000f9_004f 1400776163.05
0000000000f9_003a 1400776972.95 1,2,2,2,5 8.03,130.69,7.67,23.04,89.58
0000000000f9_004d 1400774963.92
0000000000f9_004f 1400776253.18 5 96.83
0000000000f9_0050 1400776717.3 14 35.54
0000000000f9_004f 1400776332.29 5 196.23
0000000000f9_004d 1400775196.07
0000000000f9_004d 1400775478.13 13 142.18
0000000000f9_004f 1400776584.42 5 185.73
0000000000f9_004f 1400776795.51 5 131.87
0000000000f9_004f 1400776877.65 5 87.54
0000000000f9_0050 1400776981.52 15 205.62
0000000000f9_004d 1400775538.24 13 139.12
0000000000f9_004d 1400775829.39 13 137.07
0000000000f9_004d 1400776111.54 13 145.70
0000000000f9_004f 1400777103.8 5 127.25
0000000000f9_0050 1400777090.79 14 45.21
0000000000f9_004f 1400777254.95 5 93.33
0000000000f9_004d 1400776336.69 13 134.73
0000000000f9_0050 1400777329.99 15 139.94
0000000000f9_004d 1400776453.83 13 153.10
0000000000f9_004d 1400776693.94 12,13 76.94,105.58
0000000000f9_004d 1400776945.09 12,13 68.97,142.43
0000000000f9_004d 1400777030.23 12,13 80.11,147.55
0000000000f9_004d 1400777266.37 12,13 63.49,150.26
0000000000f9_003a 1400777105.58 1,2,2,2,5 8.03,92.52,47.62,137.74,97.03
0000000000f9_0051 1400773775.56
0000000000f9_0051 1400773850.87
0000000000f9_0051 1400773941.03
0000000000f9_0051 1400774123.27
0000000000f9_0051 1400774267.51
0000000000f9_0051 1400774420.78
0000000000f9_0051 1400774720.0
0000000000f9_0051 1400774909.21
0000000000f9_0051 1400775191.4 8,13,8 88.35,12.55,86.83
0000000000f9_0051 1400775318.6 8,13,8 177.06,210.16,226.39
0000000000f9_0051 1400775417.81 8,13,8 198.25,460.10,502.88
0000000000f9_0051 1400775585.02 8,13,8 211.13,342.83,371.46
0000000000f9_0051 1400775776.25 8,13,8 148.46,391.86,393.34
0000000000f9_0051 1400776031.48 8,13,8 276.49,356.51,395.55
0000000000f9_0051 1400776271.68 8,13,8 188.15,436.07,440.13
