0000000000f9_0007 1400584919.19
0000000000f9_00a8 1400584919.53
0000000000f9_00a4 1400584919.92
0000000000f9_00aa 1400584920.36
0000000000f9_00a5 1400584919.61
0000000000f9_00aa 1400584970.41 1,1,1,1 3.97,7.89,5.70,2.36
0000000000f9_00a6 1400584919.79
0000000000f9_00a5 1400584969.63 10,1,1,3,1 83.72,2.82,2.47,80.69,2.91
0000000000f9_00a4 1400584969.97 1,1,1,1,1 2.79,3.38,3.29,2.07,2.68
0000000000f9_00aa 1400585020.46 1,1,1,1 3.97,7.89,5.70,2.36
0000000000f9_00a9 1400584919.37
0000000000f9_0055 1400584920.02
0000000000f9_00a5 1400585019.67 10,1,1,3,1 83.72,2.82,2.47,80.69,2.91
0000000000f9_0057 1400584919.82
0000000000f9_00a6 1400584969.84 1,4,1,1,1 3.30,5.65,3.79,3.31,2.09
0000000000f9_00a4 1400585020.01 1,1,1,1,1 2.79,3.38,3.29,2.07,2.68
0000000000f9_00aa 1400585070.51 1,1,1,1 3.97,7.89,5.70,2.36
0000000000f9_00ab 1400584920.16
0000000000f9_0058 1400584920.07
0000000000f9_00aa 1400585120.56 1,1,1,1 4.45,3.32,5.70,2.36
0000000000f9_00a6 1400585019.89 1,4,1,1,1 3.30,5.65,3.79,3.31,2.09
0000000000f9_00a4 1400585070.06 1,1,1,1,1 2.79,3.38,3.29,2.07,2.68
0000000000f9_0076 1400584919.86
0000000000f9_0066 1400584920.14
0000000000f9_0068 1400584920.2
0000000000f9_00a5 1400585069.72 10,1,1,3,1 83.72,2.82,2.47,80.69,2.91
0000000000f9_0055 1400584970.06 4,2,1,1,1 19.05,14.04,13.61,4.58,3.93
0000000000f9_008c 1400584920.13
0000000000f9_00a4 1400585120.08 1,1,1,1,1 2.79,3.38,1.54,1.74,2.68
0000000000f9_00a6 1400585069.93 1,4,1,1,1 3.30,5.65,3.79,3.31,2.09
0000000000f9_0082 1400584920.3
0000000000f9_00a3 1400584919.64
0000000000f9_00a5 1400585119.73 10,1,1,3,1 83.72,1.86,1.88,80.69,2.91
0000000000f9_0057 1400584969.87 1,4,1,1,1 5.05,7.00,5.88,4.91,5.17
0000000000f9_00aa 1400585170.61 1,1,1,1 4.45,3.32,5.70,1.74
0000000000f9_0058 1400584970.11 4,4,1,1 10.44,7.18,4.09,3.61
0000000000f9_00a6 1400585119.96 1,4,1,1,1 3.03,5.65,3.60,3.15,2.09
0000000000f9_0056 1400584920.51
0000000000f9_0066 1400584970.18 3.23,4.31,6.68,10.42
0000000000f9_00a4 1400585170.13 1,1,1,1,1 2.79,2.94,1.54,1.74,1.74
0000000000f9_0076 1400584969.91 2,4,1,1,1 21.54,12.69,6.82,4.85,6.16
0000000000f9_0055 1400585020.09 4,2,1,1,1 19.05,14.04,13.61,4.58,3.93
0000000000f9_00a5 1400585169.78 10,1,1,3,1 83.62,1.86,1.88,78.08,1.75
0000000000f9_00aa 1400585220.65 1,1,1,1 4.45,3.32,5.70,1.74
0000000000f9_00a6 1400585170.0 1,4,1,1,1 3.03,6.81,3.60,3.15,2.09
0000000000f9_00a4 1400585220.16 1,1,1,1,1 2.79,2.94,1.54,1.74,1.74
0000000000f9_001c 1400584920.26
0000000000f9_00a3 1400584969.68 1,1,1,1,1 5.73,2.34,2.46,1.91,3.78
0000000000f9_0096 1400584920.51
0000000000f9_008c 1400584970.18 4,3,4,4,4 16.22,8.96,9.12,10.66,8.88
0000000000f9_00a5 1400585219.83 10,1,1,3,1 83.62,1.86,1.88,78.08,1.75
0000000000f9_0058 1400585020.16 4,4,1,1 10.44,7.18,4.09,3.61
0000000000f9_0057 1400585019.89 1,4,1,1,1 5.05,7.00,5.88,4.91,5.17
0000000000f9_0066 1400585020.19 3.23,4.31,6.68,10.42
0000000000f9_00a6 1400585220.05 1,4,1,1,1 3.03,6.81,3.60,3.15,2.09
0000000000f9_0076 1400585019.96 2,4,1,1,1 21.54,12.69,6.82,4.85,6.16
0000000000f9_00a4 1400585270.22 1,1,1,1,1 2.79,2.94,1.54,1.74,5.33
0000000000f9_0068 1400584970.25 88.09,11.36,11.71,3.65,13.25,4.27
0000000000f9_0055 1400585070.14 4,2,1,1,1 19.05,14.04,13.61,4.58,3.93
0000000000f9_003f 1400584920.04
0000000000f9_0082 1400584970.36 4,2,2,2 14.48,5.71,5.50,5.44
0000000000f9_00a3 1400585019.72 1,1,1,1,1 5.73,2.34,2.46,1.91,3.78
0000000000f9_00a5 1400585269.88 10,1,1,3,1 83.62,1.86,1.88,78.08,2.71
0000000000f9_00a6 1400585270.09 1,4,1,1,1 3.03,6.81,3.60,2.99,2.09
0000000000f9_00a4 1400585320.24 1,1,1,1,1 2.79,3.17,1.81,1.87,5.33
0000000000f9_008c 1400585020.23 4,3,4,4,4 16.22,8.96,9.12,10.66,8.88
0000000000f9_0007 1400584969.24 13,4,4,4,4,4 90.35,29.82,6.97,22.51,6.96,4.77
0000000000f9_00a3 1400585069.77 1,1,1,1,1 5.73,2.34,2.46,1.91,3.78
0000000000f9_00a5 1400585319.93 10,1,1,3,1 89.26,1.88,1.86,78.79,2.71
0000000000f9_0066 1400585070.24 3.23,4.31,6.68,10.42
0000000000f9_0058 1400585070.17 4,4,1,1 10.44,7.18,4.09,3.61
0000000000f9_0076 1400585070.01 2,4,1,1,1 21.54,12.69,6.82,4.85,6.16
0000000000f9_0055 1400585120.19 4,2,1,1,1 19.05,6.52,13.61,4.58,3.35
0000000000f9_00a4 1400585370.29 1,1,1,1,1 2.79,3.17,1.81,1.87,5.33
0000000000f9_0057 1400585069.94 1,4,1,1,1 5.05,7.00,5.88,4.91,5.17
0000000000f9_00a6 1400585320.15 1,4,1,1,1 3.54,6.00,3.42,2.99,2.09
0000000000f9_00a3 1400585119.82 1,1,1,1,1 5.73,1.70,2.46,2.04,3.78
0000000000f9_00a5 1400585369.94 10,1,1,3,1 89.26,1.88,1.86,78.79,2.71
0000000000f9_0082 1400585020.38 4,2,2,2 14.48,5.71,5.50,5.44
0000000000f9_0007 1400585019.29 13,4,4,4,4,4 90.35,29.82,6.97,22.51,6.96,4.77
0000000000f9_00ab 1400584970.21 11,1,1,1,1 85.23,2.31,2.29,2.11,1.89
0000000000f9_00a4 1400585420.34 1,1,1,1,1 2.79,3.17,1.81,1.87,1.79
0000000000f9_008c 1400585070.25 4,3,4,4,4 16.22,8.96,9.12,10.66,8.88
0000000000f9_00a6 1400585370.19 1,4,1,1,1 3.54,6.00,3.42,2.99,2.09
0000000000f9_0066 1400585120.26 3.23,4.31,4.01,3.79
0000000000f9_00a3 1400585169.87 1,1,1,1,1 3.81,1.70,2.46,2.04,3.10
0000000000f9_00a5 1400585419.97 10,1,1,3,1 89.26,1.88,1.86,78.79,1.72
0000000000f9_0055 1400585170.19 4,2,1,1,1 19.05,6.52,13.61,4.58,3.35
0000000000f9_00a4 1400585470.39 1,1,1,1,1 2.79,3.17,1.81,1.87,1.79
0000000000f9_003f 1400584970.1 4,4,4,4,4 14.60,6.32,19.63,12.47,10.55
0000000000f9_00ab 1400585020.26 11,1,1,1,1 85.23,2.31,2.29,2.11,1.89
0000000000f9_0076 1400585120.06 11,2,4,1,1,1 85.69,10.55,12.69,3.49,4.85,6.16
0000000000f9_00a6 1400585420.24 1,4,1,1,1 3.54,6.00,3.42,1.89,1.84
0000000000f9_0057 1400585119.99 1,4,1,1,1 5.05,7.00,4.05,3.46,3.30
0000000000f9_0007 1400585069.33 13,4,4,4,4,4 90.35,29.82,6.97,22.51,6.96,4.77
0000000000f9_00a3 1400585219.92 1,1,1,1,1 3.81,1.70,2.46,2.04,3.10
0000000000f9_00a5 1400585470.02 10,1,1,3,1 89.26,1.88,1.86,78.79,1.72
0000000000f9_00a4 1400585520.39 1,1,1,1,1 2.79,2.92,2.41,1.66,1.79
0000000000f9_008c 1400585120.27 4,3,4,4,4 18.56,11.52,9.12,10.66,8.88
0000000000f9_0066 1400585170.31 3.23,4.31,4.01,3.79
0000000000f9_0082 1400585070.38 4,2,2,2 14.48,5.71,5.50,5.44
0000000000f9_003a 1400584921.08
0000000000f9_0068 1400585020.3 88.09,11.36,11.71,3.65,13.25,4.27
0000000000f9_00a6 1400585470.28 1,4,1,1,1 3.12,6.00,3.42,1.89,1.84
0000000000f9_00ab 1400585070.31 11,1,1,1,1 85.23,2.31,2.29,2.11,1.89
0000000000f9_00a3 1400585269.97 1,1,1,1,1 3.81,1.70,2.46,2.04,3.63
0000000000f9_00a5 1400585520.07 10,1,1,3,1 87.86,1.73,1.63,78.74,1.72
0000000000f9_0055 1400585220.23 4,2,1,1,1 19.05,6.52,13.61,4.58,3.35
0000000000f9_00a4 1400585570.4 1,1,1,1,1 2.79,2.92,2.41,1.66,2.25
0000000000f9_0007 1400585119.38 13,4,4,4,4,4 90.35,29.82,6.97,10.68,920.13,4.77
0000000000f9_003f 1400585020.12 4,4,4,4,4 14.60,6.32,19.63,12.47,10.55
0000000000f9_0076 1400585170.11 11,2,4,1,1,1 85.69,10.55,12.69,3.49,3.47,3.56
0000000000f9_00a6 1400585520.33 1,4,1,1,1 3.12,4.82,3.19,1.89,1.84
0000000000f9_00a3 1400585320.02 1,1,1,1,1 3.49,2.18,2.46,1.99,3.63
0000000000f9_00ab 1400585120.36 11,1,1,1,1 86.13,2.31,1.06,2.11,1.82
0000000000f9_00a5 1400585570.12 10,1,1,3,1 87.86,1.73,1.63,78.74,2.08
0000000000f9_0057 1400585170.04 1,4,1,1,1 5.05,11.31,4.05,3.46,3.30
0000000000f9_00a4 1400585620.45 1,1,1,1,1 2.79,2.92,2.41,1.66,2.25
0000000000f9_008c 1400585170.29 4,3,4,4,4 18.56,11.52,7.87,8.28,6.85
0000000000f9_0066 1400585220.36 3.23,4.31,4.01,3.79
0000000000f9_003f 1400585070.15 4,4,4,4,4 14.60,6.32,19.63,12.47,10.55
0000000000f9_00a6 1400585570.35 1,4,1,1,1 3.12,4.82,3.19,2.35,1.84
0000000000f9_0082 1400585120.43 4,2,2,2 14.48,5.92,5.50,4.95
0000000000f9_00a5 1400585620.13 10,1,1,3,1 87.86,1.73,1.63,78.74,2.08
0000000000f9_0007 1400585169.43 13,4,4,4,4,4 108.43,29.82,6.97,10.68,920.13,7.99
0000000000f9_00a3 1400585370.07 1,1,1,1,1 3.49,2.18,2.46,1.99,3.63
0000000000f9_0055 1400585270.29 4,2,1,1,1 19.05,11.53,4.72,4.58,3.35
0000000000f9_00ab 1400585170.41 11,1,1,1,1 86.13,2.31,1.06,2.11,1.82
0000000000f9_00a4 1400585670.48 1,1,1,1,1 2.79,2.92,1.10,1.19,2.25
0000000000f9_0076 1400585220.16 11,2,4,1,1,1 85.69,10.55,12.69,3.49,3.47,3.56
0000000000f9_00a6 1400585620.4 1,4,1,1,1 3.12,4.82,3.19,2.35,1.67
0000000000f9_00a5 1400585670.18 10,1,1,3,1 87.86,1.09,1.18,78.86,2.08
0000000000f9_0066 1400585270.36 3.75,4.31,4.01,3.79
0000000000f9_0068 1400585070.34 88.09,11.36,11.71,3.65,13.25,4.27
0000000000f9_00a3 1400585420.12 1,1,1,1,1 3.49,2.18,2.46,1.99,1.77
0000000000f9_00a4 1400585720.53 1,1,1,1,1 2.79,2.72,1.10,1.19,2.50
0000000000f9_008c 1400585220.33 4,3,4,4,4 18.56,11.52,7.87,8.28,6.85
0000000000f9_0057 1400585220.09 1,4,1,1,1 5.05,11.31,4.05,3.46,3.30
0000000000f9_00ab 1400585220.43 11,1,1,1,1 86.13,2.31,1.06,2.11,1.82
0000000000f9_0007 1400585219.47 13,4,4,4,4,4 108.43,29.82,6.97,10.68,920.13,7.99
0000000000f9_0055 1400585320.31 4,2,1,1,1 19.05,11.53,4.72,5.11,3.86
0000000000f9_00a6 1400585670.45 1,4,1,1,1 2.75,6.08,3.01,2.35,1.67
0000000000f9_00a5 1400585720.23 10,1,1,3,1 122.48,1.09,1.18,78.86,2.73
0000000000f9_00a3 1400585470.17 1,1,1,1,1 3.49,2.18,2.46,1.99,1.77
0000000000f9_00a4 1400585770.58 1,1,1,1,1 2.79,2.72,1.10,1.19,2.50
0000000000f9_0079 1400584923.65
0000000000f9_0052 1400584942.99
0000000000f9_0082 1400585170.44 4,2,2,2 14.48,5.92,4.16,4.95
0000000000f9_00ab 1400585270.45 11,1,1,1,1 86.13,2.31,1.06,2.11,2.40
0000000000f9_0066 1400585320.41 3.75,4.31,4.01,3.79
0000000000f9_00a6 1400585720.5 1,4,1,1,1 2.75,6.08,3.01,2.85,1.67
0000000000f9_008c 1400585270.34 4,3,4,4,4 18.56,16.51,12.03,8.28,6.85
0000000000f9_00a4 1400585820.61 1,1,1,1,1 2.79,2.72,1.10,1.19,2.50
0000000000f9_00a3 1400585520.21 1,1,1,1,1 4.49,1.83,2.46,1.59,1.77
0000000000f9_0007 1400585269.52 13,4,4,4,4,4 108.43,29.82,6.97,10.68,9.28,7.99
0000000000f9_0076 1400585270.21 11,2,4,1,1,1 85.69,10.55,12.69,3.49,5.20,3.56
0000000000f9_0052 1400584993.02 4,4,4 8.57,6.77,9.00
0000000000f9_0057 1400585270.14 1,4,1,1,1 5.05,11.31,4.05,3.79,3.30
0000000000f9_0055 1400585370.31 4,2,1,1,1 19.05,11.53,4.72,5.11,3.86
0000000000f9_00ab 1400585320.5 11,1,1,1,1 85.58,2.31,1.98,2.11,2.40
0000000000f9_00a5 1400585820.31 10,1,1,3,1 122.48,1.09,1.18,78.86,2.73
0000000000f9_00a6 1400585770.55 1,4,1,1,1 2.75,6.08,3.01,2.85,1.67
0000000000f9_00a3 1400585570.24 1,1,1,1,1 4.49,1.83,2.46,1.59,3.83
0000000000f9_0066 1400585370.46 3.75,4.31,4.01,3.79
0000000000f9_00ab 1400585370.55 11,1,1,1,1 85.58,2.31,1.98,2.11,2.40
0000000000f9_0007 1400585319.56 13,4,4,4,4,4 109.57,29.82,6.97,8.30,9.28,5.80
0000000000f9_0082 1400585220.49 4,2,2,2 14.48,5.92,4.16,4.95
0000000000f9_00a6 1400585820.58 1,4,1,1,1 2.75,6.08,3.01,2.85,1.56
0000000000f9_00a3 1400585620.25 1,1,1,1,1 4.49,1.83,2.46,1.59,3.83
0000000000f9_008c 1400585320.38 4,3,4,4,4 9.77,16.51,12.03,8.24,9.54
0000000000f9_0068 1400585120.36 88.09,87.12,3.28,11.71,3.65,13.25,4.27
0000000000f9_00ab 1400585420.59 11,1,1,1,1 85.58,2.31,1.98,2.11,1.86
0000000000f9_0055 1400585420.36 4,2,1,1,1 19.05,5.25,3.63,5.11,3.86
0000000000f9_0052 1400585043.07 4,4,4 8.57,6.77,9.00
0000000000f9_00a3 1400585670.29 1,1,1,1,1 4.49,1.14,2.46,1.18,3.83
0000000000f9_0057 1400585320.19 1,4,1,1,1 5.05,10.18,4.51,3.79,3.45
0000000000f9_00ab 1400585470.64 11,1,1,1,1 85.58,2.31,1.80,2.11,1.86
0000000000f9_0066 1400585420.49 3.20,5.49,4.44,3.79
0000000000f9_0007 1400585369.61 13,4,4,4,4,4 109.57,29.82,6.97,8.30,9.28,5.80
0000000000f9_0052 1400585093.12 4,4,4 8.57,6.77,9.00
0000000000f9_0079 1400584973.71 4,4,4 54.23,22.66,17.99
0000000000f9_00ab 1400585520.65 11,1,1,1,1 85.02,2.31,1.80,2.11,1.86
0000000000f9_00a3 1400585720.34 1,1,1,1,1 3.99,1.14,2.46,1.18,2.82
0000000000f9_008c 1400585370.38 4,3,4,4,4 9.77,16.51,12.03,8.24,9.54
0000000000f9_0052 1400585143.17
0000000000f9_00ab 1400585570.66 11,1,1,1,1 85.02,2.31,1.80,2.11,2.11
0000000000f9_0082 1400585270.53 4,2,2,2 14.48,7.72,4.16,4.95
0000000000f9_0055 1400585470.4 4,2,1,1,1 19.05,5.25,3.63,4.57,3.86
0000000000f9_00a3 1400585770.39 1,1,1,1,1 3.99,1.14,2.46,1.18,2.82
0000000000f9_0052 1400585193.22
0000000000f9_00ab 1400585620.69 11,1,1,1,1 85.02,2.31,1.80,2.11,2.11
0000000000f9_0007 1400585419.61 13,4,4,4,4,4 109.57,29.82,6.97,8.30,122.43,5.80
0000000000f9_0066 1400585470.5 3.20,5.49,4.44,3.51
0000000000f9_0057 1400585370.22 1,4,1,1,1 5.05,10.18,4.51,3.79,3.45
0000000000f9_003f 1400585120.17 4,4,4,4,4 14.60,6.32,9.19,7.58,29.83
0000000000f9_003f 1400585170.22 4,4,4,4,4 28.99,14.65,9.19,7.58,29.83
0000000000f9_003f 1400585220.27 4,4,4,4,4 28.99,14.65,9.19,7.58,29.83
0000000000f9_003f 1400585270.3 4,4,4,4,4 28.99,14.65,9.19,21.59,29.83
0000000000f9_00a3 1400585820.44 1,1,1,1,1 3.99,1.14,2.46,1.18,2.82
0000000000f9_00ab 1400585670.72 11,1,1,1,1 83.18,2.31,1.21,2.11,2.11
0000000000f9_003f 1400585320.35 4,4,4,4,4 36.28,45.29,11.03,21.59,8.45
0000000000f9_008c 1400585420.42 4,3,4,4,4 9.77,13.34,12.58,8.24,9.54
0000000000f9_0052 1400585243.28
0000000000f9_0068 1400585170.39 88.09,87.12,3.28,3.15,3.34,3.37,3.98
0000000000f9_00ab 1400585720.78 11,1,1,1,1 83.18,2.31,1.21,2.11,2.44
0000000000f9_0055 1400585520.41 4,2,1,1,1 19.05,5.25,3.63,4.57,3.46
0000000000f9_0052 1400585293.32 4 50.32
0000000000f9_0007 1400585469.66 13,4,4,4,4,4 109.57,29.82,6.97,8.30,122.43,5.80
0000000000f9_0082 1400585320.57 4,2,2,2 14.48,7.72,4.16,4.95
0000000000f9_003a 1400584971.15 11,4,2,2,2 87.54,31.91,16.28,28.08,9.15
0000000000f9_00ab 1400585770.82 11,1,1,1,1 83.18,2.31,1.21,2.11,2.44
0000000000f9_0066 1400585520.54 3.20,5.49,4.44,3.51
0000000000f9_003f 1400585370.4 4,4,4,4,4 36.28,45.29,11.03,21.59,8.45
0000000000f9_0052 1400585343.35 4 50.32
0000000000f9_0057 1400585420.26 1,4,1,1,1 5.05,10.18,4.51,3.23,3.45
0000000000f9_00ab 1400585820.87 11,1,1,1,1 83.18,2.31,1.21,2.11,2.44
0000000000f9_008c 1400585470.48 4,3,4,4,4 9.77,13.34,12.58,8.24,9.54
0000000000f9_00ca 1400584922.36
0000000000f9_0079 1400585023.77 4,4,4 54.23,22.66,17.99
0000000000f9_00ca 1400584972.38
0000000000f9_0007 1400585519.67 13,4,4,4,4,4 96.78,29.82,6.97,13.65,122.43,5.72
0000000000f9_0055 1400585570.46 4,2,1,1,1 19.05,5.25,4.52,4.57,3.46
0000000000f9_0052 1400585393.36 4 50.32
0000000000f9_00ca 1400585022.43
0000000000f9_00ca 1400585072.48
0000000000f9_00ca 1400585122.53
0000000000f9_0066 1400585570.59 4.82,5.49,4.44,3.51
0000000000f9_0082 1400585370.58 4,2,2,2 14.48,7.72,4.16,4.95
0000000000f9_00ca 1400585172.56
0000000000f9_0052 1400585443.39 4 50.32
0000000000f9_0083 1400584921.73
0000000000f9_0068 1400585220.42 88.09,87.12,3.28,3.15,3.34,3.37,3.98
0000000000f9_008c 1400585520.51 4,3,4,4,4 10.07,13.34,12.58,7.88,8.78
0000000000f9_0007 1400585569.72 13,4,4,4,4,4 96.78,29.82,6.97,13.65,6.06,5.72
0000000000f9_0057 1400585470.31 1,4,1,1,1 5.05,10.18,4.23,3.23,3.45
0000000000f9_00ca 1400585222.59
0000000000f9_00ca 1400585272.64
0000000000f9_00ca 1400585322.69
0000000000f9_00ca 1400585372.75
0000000000f9_0055 1400585620.5 4,2,1,1,1 19.05,5.45,4.52,4.57,3.46
0000000000f9_0083 1400584971.79
0000000000f9_0052 1400585493.42 4 1091.45
0000000000f9_00ca 1400585422.8
0000000000f9_00ca 1400585472.84
0000000000f9_0066 1400585620.65 4.82,5.49,4.44,3.51
0000000000f9_00ca 1400585522.88
0000000000f9_0083 1400585021.83
0000000000f9_00ca 1400585572.94
0000000000f9_0052 1400585543.47 4 1091.45
0000000000f9_0007 1400585619.73 13,4,4,4,4,4 96.78,29.82,6.97,13.65,6.06,5.72
0000000000f9_00ca 1400585622.99
0000000000f9_00ca 1400585673.04
0000000000f9_0082 1400585420.61 4,2,2,2 14.48,7.72,4.31,4.62
0000000000f9_00ca 1400585723.07
0000000000f9_0083 1400585071.85
0000000000f9_0055 1400585670.56 4,2,1,1,1 19.05,5.45,4.52,4.30,3.60
0000000000f9_00ca 1400585773.12
0000000000f9_0052 1400585593.52 4 38.29
0000000000f9_0057 1400585520.32 1,4,1,1,1 5.05,130.90,4.23,3.23,3.42
0000000000f9_0079 1400585073.83 4,4,4 54.23,22.66,17.99
0000000000f9_00ca 1400585823.17
0000000000f9_0066 1400585670.69 4.82,5.49,4.44,3.51
0000000000f9_0083 1400585121.9
0000000000f9_0068 1400585270.47 88.09,87.12,3.28,3.15,3.34,3.37,5.08
0000000000f9_003a 1400585021.22 11,4,2,2,2 87.54,31.91,16.28,28.08,9.15
0000000000f9_0007 1400585669.79 13,4,4,4,4,4 96.78,29.82,6.97,8.24,6.06,5.30
0000000000f9_0052 1400585643.56 4 38.29
0000000000f9_0083 1400585171.95
0000000000f9_0055 1400585720.58 4,2,1,1,1 19.05,5.45,4.42,4.30,3.60
0000000000f9_0083 1400585221.99
0000000000f9_0052 1400585693.62 4 38.29
0000000000f9_0082 1400585470.66 4,2,2,2 14.48,7.72,4.31,4.62
0000000000f9_0066 1400585720.75 4.03,5.49,4.18,3.39
0000000000f9_0057 1400585570.38 1,4,1,1,1 5.05,130.90,4.23,4.12,3.42
0000000000f9_0007 1400585719.84 13,4,4,4,4,4 93.41,29.82,6.97,8.24,5.13,5.30
0000000000f9_0083 1400585272.04
0000000000f9_00b5 1400584923.16
0000000000f9_0052 1400585743.64 4,4 6.58,7.10
0000000000f9_0083 1400585322.09
0000000000f9_00bc 1400584923.26
0000000000f9_00b5 1400584973.19
0000000000f9_0066 1400585770.8 4.03,5.49,4.18,3.39
0000000000f9_0055 1400585770.62 4,2,1,1,1 19.05,5.06,4.42,4.30,3.60
0000000000f9_0007 1400585769.85 13,4,4,4,4,4 93.41,29.82,6.97,8.24,5.13,5.30
0000000000f9_0068 1400585320.52 88.09,87.36,3.92,3.29,3.27,3.19,5.08
0000000000f9_0083 1400585372.15
0000000000f9_0052 1400585793.69 4,4,4 6.53,6.58,7.10
0000000000f9_0082 1400585520.71 4,2,2,2 14.48,7.72,4.31,4.62
0000000000f9_0057 1400585620.43 1,4,1,1,1 5.05,130.90,4.23,4.12,3.42
0000000000f9_0079 1400585123.88 4,4,4 54.23,82.81,17.99
0000000000f9_00b5 1400585023.24
0000000000f9_0083 1400585422.2
0000000000f9_003f 1400585420.45 4,4,4,4,4 36.28,45.29,11.03,9.52,8.45
0000000000f9_003f 1400585470.5 4,4,4,4,4 36.28,45.29,7.66,9.52,8.45
0000000000f9_003f 1400585520.55 4,4,4,4,4 56.83,8.39,7.66,9.52,5.96
0000000000f9_003f 1400585570.6 4,4,4,4,4 56.83,8.39,7.66,12.99,5.96
0000000000f9_003f 1400585620.65 4,4,4,4,4 56.83,8.39,7.66,12.99,5.96
0000000000f9_003f 1400585670.7 4,4,4,4,4 31.85,8.39,10.32,12.99,16.38
0000000000f9_0083 1400585472.25
0000000000f9_0007 1400585819.9 13,4,4,4,4,4 93.41,29.82,6.97,8.24,5.13,5.30
0000000000f9_0066 1400585820.84 4.03,5.49,4.18,3.39
0000000000f9_00b5 1400585073.29
0000000000f9_0055 1400585820.67 4,2,1,1,1 19.05,5.06,4.42,4.30,3.60
0000000000f9_0083 1400585522.3
0000000000f9_003a 1400585071.29 11,4,2,2,2 87.54,31.91,16.28,28.08,9.15
0000000000f9_0091 1400584923.92
0000000000f9_00b5 1400585123.34
0000000000f9_0082 1400585570.76 4,2,2,2 14.48,7.74,4.31,4.62
0000000000f9_0083 1400585572.34
0000000000f9_0057 1400585670.48 1,4,1,1,1 5.05,8.28,4.33,4.12,3.00
0000000000f9_003f 1400585720.75 4,4,4,4,4 31.85,6.57,10.32,7.89,16.38
0000000000f9_00b5 1400585173.39
0000000000f9_0068 1400585370.57 88.09,87.36,3.92,3.29,3.27,3.19,5.08
0000000000f9_0090 1400584923.45
0000000000f9_0092 1400584923.74
0000000000f9_0083 1400585622.39
0000000000f9_00b5 1400585223.44
0000000000f9_0083 1400585672.44
0000000000f9_0047 1400584923.93
0000000000f9_00b5 1400585273.49
0000000000f9_0079 1400585173.94 4,4,4 51.80,82.81,61.87
0000000000f9_0082 1400585620.81 4,2,2,2 14.48,7.74,4.92,4.69
0000000000f9_0057 1400585720.53 1,4,1,1,1 5.05,8.28,4.33,4.51,3.00
0000000000f9_0083 1400585722.5
0000000000f9_003f 1400585770.79 4,4,4,4,4 31.85,6.57,10.32,7.89,16.38
0000000000f9_00b5 1400585323.52
0000000000f9_00bf 1400584925.09
0000000000f9_0083 1400585772.55
0000000000f9_003f 1400585820.83 4,4,4,4,4 31.85,6.57,10.32,7.89,16.38
0000000000f9_00b5 1400585373.56
0000000000f9_0083 1400585822.6
0000000000f9_00b5 1400585423.59
0000000000f9_0057 1400585770.58 1,4,1,1,1 5.05,8.28,4.33,4.51,3.00
0000000000f9_0082 1400585670.83 4,2,2,2 14.48,7.74,4.92,4.69
0000000000f9_0068 1400585420.62 88.09,87.36,3.92,3.29,3.27,3.19,4.22
0000000000f9_0050 1400584924.54
0000000000f9_00b5 1400585473.64 9 161.78
0000000000f9_0091 1400584973.97 1,10,7,3,8,1 5.37,88.07,14.28,7.03,9.97,8.98
0000000000f9_00bf 1400584975.13 11,6,6 7.43,4.92,6.76
0000000000f9_003a 1400585121.35 11,4,2,2,2 87.54,31.91,16.28,28.08,8.65
0000000000f9_00bf 1400585025.17 11,6,6 7.43,4.92,6.76
0000000000f9_00bf 1400585075.18 11,6,6 7.43,4.92,6.76
0000000000f9_00b5 1400585523.69 9 161.78
0000000000f9_00bf 1400585125.2 11,6,6 7.43,4.92,5.60
0000000000f9_0079 1400585224.0 4,4,4 51.80,82.81,61.87
0000000000f9_00bf 1400585175.25 11,6,6 7.43,4.92,5.60
0000000000f9_0057 1400585820.62 1,4,1,1,1 5.05,8.28,4.33,4.51,3.00
0000000000f9_0082 1400585720.87 4,2,2,2 14.48,4.82,4.92,4.69
0000000000f9_00bf 1400585225.3 11,6,6 7.43,4.92,5.60
0000000000f9_00b5 1400585573.74 9 144.42
0000000000f9_0091 1400585024.02 1,10,7,3,8,1 5.37,88.07,14.28,7.03,9.97,8.98
0000000000f9_00bf 1400585275.33 11,6,6 7.43,4.92,6.26
0000000000f9_00bf 1400585325.37 11,6,6 7.43,4.92,6.26
0000000000f9_004d 1400584923.97
0000000000f9_00bf 1400585375.42 11,6,6 7.43,4.92,6.26
0000000000f9_00b5 1400585623.76 9 144.42
0000000000f9_00bf 1400585425.47 11,6,6 7.43,4.92,5.30
0000000000f9_00bf 1400585475.5 11,6,6 7.43,4.92,5.30
0000000000f9_00b5 1400585673.82 9 144.42
0000000000f9_00bf 1400585525.53 11,6,6 7.43,4.92,5.30
0000000000f9_0082 1400585770.89 4,2,2,2 14.48,4.82,4.92,4.12
0000000000f9_0091 1400585074.07 1,10,7,3,8,1 5.37,88.07,14.28,7.03,9.97,8.98
0000000000f9_00bf 1400585575.58 11,6,6 7.43,4.92,7.64
0000000000f9_00bf 1400585625.63 11,6,6 7.43,4.92,7.64
0000000000f9_00b5 1400585723.87 9 144.42
0000000000f9_00bf 1400585675.68 11,6,6 7.43,4.92,7.64
0000000000f9_0079 1400585274.06 4,4,4 51.80,82.81,69.29
0000000000f9_00bf 1400585725.77 11,6,6 7.43,4.92,4.75
0000000000f9_00bf 1400585775.82 11,6,6 7.43,4.92,4.75
0000000000f9_003a 1400585171.42 11,4,2,2,2 89.16,15.65,7.44,8.11,8.65
0000000000f9_00b5 1400585773.92 9 132.91
0000000000f9_0051 1400584939.28
0000000000f9_00bf 1400585825.87 11,6,6 7.43,4.92,4.75
0000000000f9_0091 1400585124.11 1,10,7,3,8,1 5.37,93.16,12.06,7.03,9.96,8.98
0000000000f9_0082 1400585820.9 4,2,2,2 14.48,4.82,3.87,4.12
0000000000f9_00b5 1400585823.97 9 132.91
0000000000f9_0090 1400584973.5 10,10,1,10,1 92.14,84.95,6.81,86.36,7.66
0000000000f9_0092 1400584973.77 10,1,10,10,3,6,1 89.22,5.35,85.23,87.50,5.41,12.83,8.69
0000000000f9_0050 1400584974.6 15,15,7,7,5,7 111.05,112.47,16.22,10.79,11.18,9.76
0000000000f9_0091 1400585174.16 1,10,7,3,8,1 4.91,93.16,12.06,7.03,9.96,4.87
0000000000f9_0082 1400585870.93 4,2,2,2 14.48,6.56,3.87,4.12
0000000000f9_0090 1400585023.53 10,10,1,10,1 92.14,84.95,6.81,86.36,7.66
0000000000f9_0091 1400585224.21 1,10,7,3,8,1 4.91,93.16,12.06,7.03,9.96,4.87
0000000000f9_0051 1400584989.34 8,14,14,8,6 104.08,23.83,21.18,91.61,10.89
0000000000f9_0090 1400585073.59 10,10,1,10,1 92.14,84.95,6.81,86.36,7.66
0000000000f9_0082 1400585920.98 4,2,2,2 14.48,6.56,3.87,4.12
0000000000f9_0068 1400585470.66 88.09,87.36,3.92,3.29,3.27,3.19,4.22
0000000000f9_0068 1400585520.7 88.09,88.86,3.31,3.12,3.23,3.17,4.22
0000000000f9_0092 1400585023.78 10,1,10,10,3,6,1 89.22,5.35,85.23,87.50,5.41,12.83,8.69
0000000000f9_003a 1400585221.49 11,4,2,2,2 89.16,15.65,7.44,8.11,8.65
0000000000f9_0079 1400585324.12 4,4,4 144.30,43.74,69.29
0000000000f9_0068 1400585570.75 88.09,88.86,3.31,3.12,3.23,3.17,5.36
0000000000f9_0050 1400585024.65 15,15,7,7,5,7 111.05,112.47,16.22,10.79,11.18,9.76
0000000000f9_0091 1400585274.26 1,10,7,3,8,1 4.91,93.16,12.06,7.03,9.96,6.26
0000000000f9_0093 1400584973.51 12,10,1,10,1 88.18,87.67,6.11,87.24,5.91
0000000000f9_0090 1400585123.6 10,10,1,10,1 92.14,84.95,6.81,87.63,4.66
0000000000f9_0082 1400585971.03 4,2,2 14.48,6.56,3.87
0000000000f9_0051 1400585039.38 8,14,14,8,6 104.08,23.83,21.18,91.61,10.89
0000000000f9_0082 1400586021.08
0000000000f9_0093 1400585023.56 12,10,1,10,1 88.18,87.67,6.11,87.24,5.91
0000000000f9_0091 1400585324.27 1,10,7,3,8,1 4.52,104.63,14.02,7.03,14.85,6.26
0000000000f9_0092 1400585073.83 10,1,10,10,3,6,1 89.22,5.35,85.23,87.50,5.41,12.83,8.69
0000000000f9_0082 1400586071.11
0000000000f9_0068 1400585620.77 88.09,88.86,3.31,3.12,3.23,3.17,5.36
0000000000f9_0093 1400585073.56 12,10,1,10,1 88.18,87.67,6.11,87.24,5.91
0000000000f9_0079 1400585374.19 4,4,4 144.30,43.74,69.29
0000000000f9_0082 1400586121.12
0000000000f9_0050 1400585074.7 15,15,7,7,5,7 111.05,112.47,16.22,10.79,11.18,9.76
0000000000f9_0091 1400585374.3 1,10,7,3,8,1 4.52,104.63,14.02,7.03,14.85,6.26
0000000000f9_0082 1400586171.16
0000000000f9_0082 1400586221.16
0000000000f9_003a 1400585271.56 11,4,2,2,2 89.16,15.65,7.44,9.08,8.65
0000000000f9_0051 1400585089.44 8,14,14,8,6 104.08,23.83,21.18,91.61,10.89
0000000000f9_0093 1400585123.57 12,10,1,10,1 88.18,87.67,4.79,87.24,5.91
0000000000f9_0091 1400585424.34 1,10,7,3,8,1 4.52,104.63,14.02,7.03,14.85,6.02
0000000000f9_0068 1400585670.81 88.09,84.57,2.95,4.24,3.23,3.17,5.36
0000000000f9_0082 1400586271.2
0000000000f9_0092 1400585123.88 10,1,10,10,3,6,1 89.22,5.35,85.23,87.00,5.66,5.90,8.69
0000000000f9_0082 1400586321.21
0000000000f9_0093 1400585173.58 12,10,1,10,1 88.18,94.97,4.79,92.24,5.91
0000000000f9_0050 1400585124.71 15,15,7,7,5,7 96.19,96.28,16.22,10.79,11.18,9.76
0000000000f9_0079 1400585424.24 4,4,4 144.30,43.74,52.67
0000000000f9_0091 1400585474.38 1,10,7,3,8,1 4.52,105.23,14.02,7.03,14.85,6.02
0000000000f9_0082 1400586371.25
0000000000f9_0051 1400585139.49 8,14,14,8,6 91.32,23.83,19.77,92.70,13.04
0000000000f9_0093 1400585223.58 12,10,1,10,1 88.18,94.97,4.79,92.24,5.91
0000000000f9_0082 1400586421.3
0000000000f9_0068 1400585720.86 88.09,84.57,2.95,4.24,3.46,4.27,4.68
0000000000f9_0091 1400585524.43 1,10,7,3,8,1 4.41,105.23,21.45,7.03,23.59,6.02
0000000000f9_0092 1400585173.93 10,1,10,10,3,6,1 86.40,5.35,85.23,87.00,5.66,5.90,5.12
0000000000f9_004f 1400584936.3
0000000000f9_003a 1400585321.62 11,4,2,2,2 89.16,15.35,7.74,9.08,8.52
0000000000f9_0050 1400585174.76 15,15,7,7,5,7 96.19,96.28,13.07,11.98,13.73,11.53
0000000000f9_0091 1400585574.48 1,10,7,3,8,1 4.41,105.23,21.45,7.03,23.59,6.45
0000000000f9_0079 1400585474.3 4,4,4,4 144.30,43.74,52.67,50.48
0000000000f9_0051 1400585189.54 8,14,14,8,6 91.32,24.73,19.77,92.70,13.04
0000000000f9_0068 1400585770.9 88.09,84.57,2.95,4.24,3.46,4.27,4.68
0000000000f9_0093 1400585273.64 12,10,1,10,1 88.18,94.97,4.79,92.58,5.91
0000000000f9_0091 1400585624.51 1,10,7,3,8,1 4.41,105.23,21.45,7.03,23.59,6.45
0000000000f9_0092 1400585223.95 10,1,10,10,3,6,1 86.40,5.35,85.23,87.00,5.66,5.90,5.12
0000000000f9_0093 1400585323.69 12,10,1,10,1 88.18,101.10,4.98,92.58,5.91
0000000000f9_0050 1400585224.77 15,15,7,7,5,7 96.19,96.28,13.07,11.98,13.73,11.53
0000000000f9_0091 1400585674.53 1,10,7,3,8,1 4.41,87.94,15.28,7.03,9.85,6.45
0000000000f9_003a 1400585371.69 11,4,2,2,2 89.16,15.35,7.74,9.08,8.52
0000000000f9_0068 1400585820.95 88.09,84.57,2.95,4.24,3.46,4.27,4.68
0000000000f9_0079 1400585524.36 4,4,4 100.43,52.67,50.48
0000000000f9_0093 1400585373.74 12,10,1,10,1 88.18,101.10,4.98,92.58,5.91
0000000000f9_0091 1400585724.58 1,10,7,3,8,1 4.53,87.94,15.28,7.03,9.85,4.55
0000000000f9_0092 1400585273.99 10,1,10,10,3,6,1 86.40,5.35,85.23,87.00,5.66,5.90,7.25
0000000000f9_0051 1400585239.59 8,14,14,8,6 91.32,24.73,19.77,92.70,13.04
0000000000f9_0093 1400585423.79 12,10,1,10,1 88.18,101.10,4.98,96.37,4.69
0000000000f9_0050 1400585274.82 15,15,7,7,5,7 96.19,96.28,13.07,11.98,13.73,28.11
0000000000f9_0091 1400585774.63 1,10,7,3,8,1 4.53,87.94,15.28,7.03,9.85,4.55
0000000000f9_0079 1400585574.42 4,4,4 100.43,41.25,50.48
0000000000f9_0093 1400585473.79 12,10,1,10,1 88.18,101.10,4.98,96.37,4.69
0000000000f9_003a 1400585421.76 11,4,2,2,2 89.16,15.35,7.74,7.18,8.52
0000000000f9_0091 1400585824.68 1,10,7,3,8,1 4.53,87.94,15.28,7.03,9.85,4.55
0000000000f9_0092 1400585324.03 10,1,10,10,3,6,1 91.91,5.35,85.23,95.63,5.10,5.70,7.25
0000000000f9_004f 1400584986.35 5,5,5,10,11,3,11 84.83,92.24,100.55,12.62,13.64,7.08,17.49
0000000000f9_0093 1400585523.81 12,10,1,10,1 88.18,91.59,4.96,96.37,4.69
0000000000f9_0050 1400585324.87 15,15,7,7,5,7 97.79,101.28,12.03,11.50,14.10,28.11
0000000000f9_0079 1400585624.48 4,4 100.43,41.25
0000000000f9_0093 1400585573.82 12,10,1,10,1 88.18,91.59,4.96,93.57,4.69
0000000000f9_0051 1400585289.6 8,14,14,8,6 91.32,24.73,19.77,91.96,13.04
0000000000f9_004f 1400585036.37 5,5,5,10,11,3,11 84.83,92.24,100.55,12.62,13.64,7.08,17.49
0000000000f9_0092 1400585374.05 10,1,10,10,3,6,1 91.91,5.35,85.23,95.63,5.10,5.70,7.25
0000000000f9_0093 1400585623.87 12,10,1,10,1 88.18,91.59,4.96,93.57,4.69
0000000000f9_003a 1400585471.83 11,4,2,2,2 89.16,15.35,7.74,7.18,8.52
0000000000f9_004f 1400585086.38 5,5,5,10,11,3,11 84.83,92.24,100.55,12.62,13.64,7.08,17.49
0000000000f9_0050 1400585374.89 15,15,7,7,5,7 97.79,101.28,12.03,11.50,14.10,28.11
0000000000f9_0079 1400585674.53 4,4 100.43,41.25
0000000000f9_0092 1400585424.06 10,1,10,10,3,6,1 91.91,5.35,85.23,95.63,5.10,5.70,7.25
0000000000f9_0093 1400585673.92 12,10,1,10,1 88.18,91.59,5.19,93.57,4.69
0000000000f9_0093 1400585723.98 12,10,1,10,1 88.18,119.43,5.19,88.63,4.69
0000000000f9_004f 1400585136.39 5,5,5,10,11,3,11 84.83,88.33,85.49,18.33,13.64,11.92,17.49
0000000000f9_0092 1400585474.1 10,1,10,10,3,6,1 91.91,5.35,85.23,98.80,5.10,5.70,7.25
0000000000f9_0051 1400585339.65 8,14,14,8,6 94.50,29.27,24.96,91.96,10.87
0000000000f9_0093 1400585774.03 12,10,1,10,1 88.18,119.43,5.19,88.63,4.69
0000000000f9_0050 1400585424.95 15,15,7,7,5,7 97.79,101.28,12.03,11.50,14.10,17.28
0000000000f9_0079 1400585724.59 4,4 44.28,96.46
0000000000f9_0092 1400585524.15 10,1,10,10,3,6,1 92.30,5.35,85.23,98.80,5.45,5.93,7.25
0000000000f9_003a 1400585521.89 11,4,2,2,2 89.16,25.44,6.81,7.18,11.17
0000000000f9_004f 1400585186.39 5,5,5,10,11,3,11 84.83,88.33,85.49,18.33,14.43,11.92,15.32
0000000000f9_0093 1400585824.08 12,10,1,10,1 88.18,119.43,5.19,88.63,4.69
0000000000f9_0092 1400585574.2 10,1,10,10,3,6,1 92.30,5.35,85.23,98.80,5.45,5.93,6.62
0000000000f9_004f 1400585236.44 5,5,5,10,11,3,11 84.83,88.33,85.49,18.33,14.43,11.92,15.32
0000000000f9_0050 1400585475.0 15,15,7,7,5,7 97.79,101.28,12.03,11.50,14.10,17.28
0000000000f9_0079 1400585774.65 4,4 44.28,96.46
0000000000f9_0092 1400585624.26 10,1,10,10,3,6,1 92.30,5.35,85.23,98.80,5.45,5.93,6.62
0000000000f9_0051 1400585389.7 8,14,14,8,6 94.50,29.27,24.96,91.96,10.87
0000000000f9_004f 1400585286.47 5,5,5,10,11,3,11 84.83,88.33,85.49,18.33,14.43,11.92,30.74
0000000000f9_003a 1400585571.96 11,4,2,2,2 89.16,25.44,6.81,8.94,11.17
0000000000f9_0092 1400585674.31 10,1,10,10,3,6,1 92.30,5.35,85.23,90.06,5.12,5.38,6.62
0000000000f9_0050 1400585525.04 15,15,7,7,5,7 96.43,96.35,12.41,13.01,11.86,17.28
0000000000f9_004f 1400585336.52 5,5,5,10,11,3,11 84.83,88.85,86.54,24.02,17.56,13.80,30.74
0000000000f9_0079 1400585824.71 4,4 44.28,96.46
0000000000f9_0092 1400585724.31 10,1,10,10,3,6,1 148.95,5.35,85.23,90.06,5.12,5.38,4.52
0000000000f9_004f 1400585386.52 5,5,5,10,11,3,11 84.83,88.85,86.54,24.02,17.56,13.80,30.74
0000000000f9_0051 1400585439.76 8,14,14,8,6 94.50,29.27,24.96,96.26,10.87
0000000000f9_0050 1400585575.09 15,15,7,7,5,7 96.43,96.35,12.41,13.01,11.86,16.62
0000000000f9_0092 1400585774.37 10,1,10,10,3,6,1 148.95,5.35,85.23,90.06,5.12,5.38,4.52
0000000000f9_003a 1400585622.03 11,4,2,2,2 89.16,25.44,6.81,8.94,11.17
0000000000f9_004f 1400585436.56 5,5,5,10,11,3,11 84.83,88.85,86.54,24.02,17.56,13.80,18.99
0000000000f9_00a8 1400584969.57 1,1,1,1,1,1 5.08,2.81,10.31,2.21,8.39,2.53
0000000000f9_0051 1400585489.81 8,14,14,8,6 94.50,29.27,19.98,96.26,10.87
0000000000f9_00a8 1400585019.6 1,1,1,1,1,1 5.08,2.81,10.31,2.21,8.39,2.53
0000000000f9_0092 1400585824.42 10,1,10,10,3,6,1 148.95,5.35,85.23,90.06,5.12,5.38,4.52
0000000000f9_004f 1400585486.61 5,5,5,10,11,3,11 84.83,85.08,86.54,24.02,17.56,19.18,18.99
0000000000f9_00a8 1400585069.65 1,1,1,1,1,1 5.08,2.81,10.31,2.21,8.39,2.53
0000000000f9_0050 1400585625.14 15,15,7,7,5,7 96.43,96.35,12.41,13.01,11.86,16.62
0000000000f9_00a8 1400585119.7 1,1,1,1,1,1 5.08,2.81,10.31,1.20,1.49,1.69
0000000000f9_00a8 1400585169.75 5,1,1,1,1,1,1 83.12,5.08,2.02,10.31,1.20,1.49,1.69
0000000000f9_004f 1400585536.61 5,5,5,10,11,3,11 84.83,85.08,88.28,12.12,16.96,19.18,18.99
0000000000f9_003a 1400585672.1 11,4,2,2,2 89.16,25.44,6.81,8.94,12.27
0000000000f9_00a8 1400585219.8 5,1,1,1,1,1,1 83.12,5.08,2.02,10.31,1.20,1.49,1.69
0000000000f9_0051 1400585539.86 8,14,14,8,6 92.50,99.46,19.98,96.26,13.35
0000000000f9_00a8 1400585269.85 5,1,1,1,1,1,1 83.12,5.08,2.02,10.31,1.20,1.49,2.29
0000000000f9_0050 1400585675.19 15,15,7,7,5,7 105.77,108.28,10.17,13.01,11.86,16.62
0000000000f9_004f 1400585586.63 5,5,5,10,11,3,11 84.83,85.08,88.28,12.12,16.96,19.18,17.99
0000000000f9_00a8 1400585319.89 5,1,1,1,1,1,1 82.24,5.08,1.06,10.31,1.95,1.76,2.29
0000000000f9_00a9 1400584969.42 11,1,1,1,1,1 101.12,2.20,2.29,2.36,2.86,2.35
0000000000f9_00a8 1400585369.94 5,1,1,1,1,1,1 82.24,5.08,1.06,10.31,1.95,1.76,2.29
0000000000f9_00a9 1400585019.47 11,1,1,1,1,1 101.12,2.20,2.29,2.36,2.86,2.35
0000000000f9_004f 1400585636.68 5,5,5,10,11,3,11 84.83,85.08,88.28,12.12,16.96,19.18,17.99
0000000000f9_00a8 1400585419.95 5,1,1,1,1,1,1 82.24,5.08,1.06,10.31,1.95,1.76,1.81
0000000000f9_0056 1400584970.57 13,1,1,1,1,1,1 87.24,17.28,4.69,8.28,4.77,13.07,6.23
0000000000f9_00a9 1400585069.52 11,1,1,1,1,1 101.12,2.20,2.29,2.36,2.86,2.35
0000000000f9_0051 1400585589.91 8,14,14,8,6 92.50,99.46,19.98,89.17,13.35
0000000000f9_0058 1400585120.18 4,1,4,1,1 10.44,5.99,7.18,2.96,3.75
0000000000f9_003a 1400585722.17 11,4,2,2,2 89.16,18.35,6.90,6.89,12.27
0000000000f9_0050 1400585725.25 15,15,7,7,5,7 105.77,108.28,10.17,14.43,13.97,11.40
0000000000f9_00a8 1400585470.0 5,1,1,1,1,1,1 82.24,5.08,1.06,10.31,1.87,1.76,1.81
0000000000f9_00a9 1400585119.55 11,1,1,1,1,1 101.12,2.20,1.52,1.83,2.86,1.15
0000000000f9_00a9 1400585169.57 11,1,1,1,1,1 101.12,1.82,1.52,1.83,1.75,1.15
0000000000f9_00a8 1400585520.05 5,1,1,1,1,1,1 89.81,5.08,1.76,10.31,1.87,1.72,1.81
0000000000f9_004f 1400585686.74 5,5,5,10,11,3,11 84.83,84.85,88.69,100.64,138.36,22.88,17.99
0000000000f9_00a9 1400585219.6 11,1,1,1,1,1 101.12,1.82,1.52,1.83,1.75,1.15
0000000000f9_0058 1400585170.18 4,1,4,1,1 10.44,5.99,7.18,2.96,3.75
0000000000f9_00a8 1400585570.1 5,1,1,1,1,1,1 89.81,5.08,1.76,10.31,1.87,1.72,2.19
0000000000f9_00a9 1400585269.63 11,1,1,1,1,1 101.12,1.82,1.52,1.83,1.75,2.25
0000000000f9_0051 1400585639.96 8,14,14,8,6 92.50,99.46,19.98,89.17,13.35
0000000000f9_00a8 1400585620.15 5,1,1,1,1,1,1 89.81,5.08,1.76,10.31,1.87,1.72,2.19
0000000000f9_0056 1400585020.62 13,1,1,1,1,1,1 87.24,17.28,4.69,8.28,4.77,13.07,6.23
0000000000f9_00a9 1400585319.64 11,1,1,1,1,1 101.12,1.38,1.85,1.85,1.27,2.25
0000000000f9_0058 1400585220.19 4,1,4,1,1 10.44,5.99,7.18,2.96,3.75
0000000000f9_0050 1400585775.3 15,15,7,7,5,7 105.77,108.28,10.17,14.43,13.97,11.40
0000000000f9_004f 1400585736.77 5,5,5,10,11,3,11 84.83,84.85,88.69,100.64,138.36,22.88,13.67
0000000000f9_00a9 1400585369.65 11,1,1,1,1,1 101.12,1.38,1.85,1.85,1.27,2.25
0000000000f9_00a8 1400585670.2 5,1,1,1,1,1,1 83.82,5.08,1.76,10.31,1.12,1.10,2.19
0000000000f9_00a9 1400585419.67 11,1,1,1,1,1 101.12,1.38,1.85,1.85,1.27,1.79
0000000000f9_00a8 1400585720.21 5,1,1,1,1,1,1 83.82,5.08,1.76,10.31,1.12,1.10,2.52
0000000000f9_003a 1400585772.23 11,4,2,2,2 89.16,18.35,6.90,6.89,12.27
0000000000f9_00a9 1400585469.72 11,1,1,1,1,1 101.12,1.38,1.85,1.85,1.27,1.79
0000000000f9_0058 1400585270.2 4,1,4,1,1 10.44,5.99,7.18,4.35,3.75
0000000000f9_004f 1400585786.82 5,5,5,10,11,3,11 84.83,84.85,88.69,100.64,138.36,22.88,13.67
0000000000f9_00a9 1400585519.75 11,1,1,1,1,1 101.12,1.74,1.82,4.03,1.62,1.79
0000000000f9_00a8 1400585770.24 5,1,1,1,1,1,1 83.82,5.08,1.76,10.31,1.12,1.10,2.52
0000000000f9_0051 1400585689.99 8,14,14,8,6 99.73,99.46,29.63,89.17,9.24
0000000000f9_00a9 1400585569.8 11,1,1,1,1,1 101.12,1.74,1.82,4.03,1.62,2.75
0000000000f9_0056 1400585070.67 13,1,1,1,1,1,1 87.24,17.28,4.69,8.28,4.77,13.07,6.23
0000000000f9_00a8 1400585820.27 5,1,1,1,1,1,1 83.82,5.08,1.76,10.31,1.12,1.10,2.52
0000000000f9_00a9 1400585619.84 11,1,1,1,1,1 101.12,1.74,1.82,4.03,1.62,2.75
0000000000f9_0058 1400585320.21 4,1,4,1,1 10.44,5.99,7.18,4.35,3.53
0000000000f9_0050 1400585825.35 15,15,7,7,5,7 105.77,108.28,10.17,14.43,13.97,11.40
0000000000f9_0076 1400585320.26 1,11,2,4,1,1,1 5.25,90.40,20.43,21.86,17.62,5.20,4.12
0000000000f9_00a9 1400585669.89 11,1,1,1,1,1 101.12,1.74,1.62,1.62,1.54,2.75
0000000000f9_004f 1400585836.86 5,5,5,10,11,3,11 84.83,84.85,88.69,100.64,138.36,22.88,13.67
0000000000f9_00a9 1400585719.94 11,1,1,1,1,1 101.12,2.11,1.62,1.62,1.54,2.40
0000000000f9_00a9 1400585769.99 11,1,1,1,1,1 101.12,2.11,1.62,1.62,1.54,2.40
0000000000f9_0058 1400585370.25 4,1,4,1,1 10.44,5.99,7.18,4.35,3.53
0000000000f9_0076 1400585370.31 1,11,2,4,1,1,1 5.25,90.40,20.43,21.86,17.62,5.20,4.12
0000000000f9_00a9 1400585820.04 11,1,1,1,1,1 101.12,2.11,1.62,1.62,1.54,2.40
0000000000f9_0056 1400585120.72 13,1,1,1,1,1,1 87.24,17.28,4.69,8.28,5.08,4.47,5.29
0000000000f9_003a 1400585822.3 11,4,2,2,2 89.16,18.35,6.90,6.89,12.27
0000000000f9_0051 1400585740.01 8,14,14,8,6 99.73,15.00,29.63,89.15,9.24
0000000000f9_0058 1400585420.3 4,1,4,1,1 10.44,5.99,7.18,5.42,3.53
0000000000f9_0076 1400585420.35 1,11,2,4,1,1,1 5.25,90.40,20.43,21.86,17.62,4.95,4.12
0000000000f9_0058 1400585470.35 4,1,4,1,1 10.44,5.99,7.18,5.42,3.53
0000000000f9_0056 1400585170.78 13,1,1,1,1,1,1 87.24,4.53,4.69,4.53,5.08,4.47,5.29
0000000000f9_0051 1400585790.07 8,14,14,8,6 99.73,15.00,29.63,89.15,9.24
0000000000f9_0076 1400585470.39 1,11,2,4,1,1,1 5.25,90.40,8.86,21.86,17.62,4.95,4.12
0000000000f9_0058 1400585520.4 4,1,4,1,1 10.44,5.99,7.18,5.42,3.68
0000000000f9_0076 1400585520.44 1,11,2,4,1,1,1 4.71,85.97,8.86,13.76,3.53,4.95,3.97
0000000000f9_0058 1400585570.44 4,1,4,1,1 10.44,5.99,7.18,4.34,3.68
0000000000f9_0056 1400585220.82 13,1,1,1,1,1,1 87.24,4.53,4.69,4.53,5.08,4.47,5.29
0000000000f9_0076 1400585570.49 1,11,2,4,1,1,1 4.71,85.97,8.86,13.76,3.53,6.63,3.97
0000000000f9_0058 1400585620.49 4,1,4,1,1 10.44,5.99,7.18,4.34,3.68
0000000000f9_0076 1400585620.54 1,11,2,4,1,1,1 4.71,85.97,8.86,13.76,3.53,6.63,3.97
0000000000f9_0056 1400585270.83 13,1,1,1,1,1,1 87.24,4.53,4.69,4.53,5.08,4.47,6.46
0000000000f9_0058 1400585670.54 4,1,4,1,1 10.44,5.99,7.18,4.34,3.26
0000000000f9_0076 1400585670.59 1,11,2,4,1,1,1 4.71,85.14,12.74,8.97,3.18,6.63,3.97
0000000000f9_0058 1400585720.58 4,1,4,1,1 10.44,5.99,7.18,4.78,3.26
0000000000f9_0056 1400585320.87 13,1,1,1,1,1,1 87.24,4.59,4.69,4.72,4.88,4.61,6.46
0000000000f9_0076 1400585720.64 1,11,2,4,1,1,1 5.35,85.14,12.74,8.97,3.18,4.18,3.50
0000000000f9_0058 1400585770.64 4,1,4,1,1 10.44,5.99,7.18,4.78,3.26
0000000000f9_0058 1400585820.67 4,1,4,1,1 10.44,5.99,7.18,4.78,3.26
0000000000f9_0076 1400585770.69 1,11,2,4,1,1,1 5.35,85.14,12.74,8.97,3.18,4.18,3.50
0000000000f9_0056 1400585370.92 13,1,1,1,1,1,1 87.24,4.59,4.69,4.72,4.88,4.61,6.46
0000000000f9_0076 1400585820.74 1,11,2,4,1,1,1 5.35,85.14,12.74,8.97,3.18,4.18,3.50
0000000000f9_0056 1400585420.93 13,1,1,1,1,1,1 87.24,4.59,4.69,4.72,4.88,4.61,5.57
0000000000f9_0056 1400585470.95 13,1,1,1,1,1,1 87.24,4.59,4.69,4.72,4.64,4.61,5.57
0000000000f9_0056 1400585520.98 13,1,1,1,1,1,1 87.24,4.58,4.69,5.10,4.64,4.73,5.57
0000000000f9_0056 1400585571.03 13,1,1,1,1,1,1 87.24,4.58,4.69,5.10,4.64,4.73,8.43
0000000000f9_0056 1400585621.08 13,1,1,1,1,1,1 87.24,4.58,4.69,5.10,4.64,4.73,8.43
0000000000f9_0056 1400585671.13 13,1,1,1,1,1,1 87.24,4.52,4.69,5.10,4.76,4.44,8.43
0000000000f9_0056 1400585721.18 13,1,1,1,1,1,1 87.24,4.52,4.69,4.75,4.76,4.44,5.23
0000000000f9_00aa 1400585270.7 10,1,1,1,1 947.31,4.61,3.32,5.70,1.74
0000000000f9_0056 1400585771.19 13,1,1,1,1,1,1 87.24,4.52,4.69,4.75,4.76,4.44,5.23
0000000000f9_00aa 1400585320.75 10,1,1,1,1 947.31,4.61,3.32,5.70,1.74
0000000000f9_00aa 1400585370.8 10,1,1,1,1 947.31,4.61,3.32,5.70,1.74
0000000000f9_00aa 1400585420.85 10,1,1,1,1 947.31,4.61,3.32,5.70,1.74
0000000000f9_00aa 1400585470.9 10,1,1,1,1 947.31,4.61,3.32,5.70,1.74
0000000000f9_0096 1400584970.57 4,4,4,4 497.93,11.80,9.92,7.88
0000000000f9_00aa 1400585520.95 10,1,1,1,1 947.31,4.61,3.32,5.70,1.74
0000000000f9_00aa 1400585570.99 10,1,1,1,1 1230.10,4.61,3.32,5.70,1.74
0000000000f9_0056 1400585821.23 13,1,1,1,1,1,1 87.24,4.52,4.69,4.75,4.76,4.44,5.23
0000000000f9_00aa 1400585621.03 10,1,1,1,1 1230.10,4.61,3.32,5.70,1.74
0000000000f9_0096 1400585020.62 4,4,4,4 497.93,11.80,9.92,7.88
0000000000f9_00aa 1400585671.07 10,1,1,1,1 1230.10,4.61,3.32,5.70,1.74
0000000000f9_00aa 1400585721.11 10,1,1,1,1 1151.15,4.61,3.32,5.70,1.74
0000000000f9_0096 1400585070.62 4,4,4,4 497.93,11.80,9.92,7.88
0000000000f9_0096 1400585120.67 4,4,4,4,4 9.86,682.89,14.31,9.92,7.88
0000000000f9_0096 1400585170.71 4,4,4,4,4 9.86,682.89,14.31,23.77,10.59
0000000000f9_0096 1400585220.76 4,4,4,4,4 9.86,682.89,14.31,23.77,10.59
0000000000f9_00aa 1400585771.16 10,1,1,1,1 1151.15,4.61,3.32,5.70,1.74
0000000000f9_00aa 1400585821.21 10,1,1,1,1 1151.15,4.61,3.32,5.70,1.74
0000000000f9_0096 1400585270.78 4,4,4,4,4 9.86,682.89,14.31,13.28,10.59
0000000000f9_0096 1400585320.78 4,4,4,4,4 16.86,682.89,10.12,13.28,7.65
0000000000f9_0096 1400585370.81 4,4,4,4,4 16.86,682.89,10.12,13.28,7.65
0000000000f9_0096 1400585420.82 4,4,4,4,4 16.86,682.89,10.12,11.18,7.65
0000000000f9_008c 1400585570.56 4,3,4,4,4 10.07,13.34,11.89,7.88,8.78
0000000000f9_0096 1400585470.87 4,4,4,4,4 81.55,682.89,10.12,11.18,7.65
0000000000f9_008c 1400585620.56 4,3,4,4,4 10.07,11.48,11.89,7.88,8.78
0000000000f9_0096 1400585520.88 4,4,4,4,4 81.55,682.89,6.62,11.18,10.13
0000000000f9_008c 1400585670.6 4,3,4,4,4 8.00,11.48,11.89,7.88,8.78
0000000000f9_0096 1400585570.93 4,4,4,4,4 81.55,682.89,6.62,30.15,10.13
0000000000f9_008c 1400585720.65 4,3,4,4,4 8.00,11.48,6.66,8.68,6.53
0000000000f9_0096 1400585620.97 4,4,4,4,4 81.55,682.89,6.62,30.15,10.13
0000000000f9_008c 1400585770.7 4,3,4,4,4 8.00,10.31,6.66,8.68,6.53
0000000000f9_0096 1400585671.01 4,4,4,4,4 7.64,682.89,8.14,30.15,10.13
0000000000f9_008c 1400585820.75 4,3,4,4,4 8.00,10.31,6.66,8.68,6.53
0000000000f9_0096 1400585721.06 4,4,4,4,4 7.64,682.89,8.14,6.68,9.75
0000000000f9_0047 1400584973.99 11,6,3,11,3 84.75,14.92,5.54,88.91,5.20
0000000000f9_0096 1400585771.07 4,4,4,4,4 7.64,682.89,8.14,6.68,9.75
0000000000f9_0047 1400585024.04 11,6,3,11,3 84.75,14.92,5.54,88.91,5.20
0000000000f9_0096 1400585821.12 4,4,4,4,4 7.64,682.89,8.14,6.68,9.75
0000000000f9_0047 1400585074.09 11,6,3,11,3 84.75,14.92,5.54,88.91,5.20
0000000000f9_0047 1400585124.14 11,6,3,11,3 84.75,7.21,6.34,88.91,5.20
0000000000f9_0047 1400585174.19 11,6,3,11,3 84.75,7.21,6.34,88.32,5.15
0000000000f9_004d 1400584974.02 13,13,13,6,6,2,6 88.57,86.82,88.84,8.75,8.09,5.44,6.15
0000000000f9_0047 1400585224.24 11,6,3,11,3 84.75,7.21,6.34,88.32,5.15
0000000000f9_004d 1400585024.07 13,13,13,6,6,2,6 88.57,86.82,88.84,8.75,8.09,5.44,6.15
0000000000f9_0047 1400585274.29 11,6,3,11,3 84.75,7.21,6.34,88.32,6.72
0000000000f9_004d 1400585074.07 13,13,13,6,6,2,6 88.57,86.82,88.84,8.75,8.09,5.44,6.15
0000000000f9_0090 1400585173.63 10,10,10,1,10,1 87.73,92.14,96.57,6.81,87.63,4.66
0000000000f9_0047 1400585324.34 11,6,3,11,3 84.75,7.83,5.41,87.44,6.72
0000000000f9_004d 1400585124.12 13,13,13,6,6,2,6 94.71,86.82,88.84,8.75,8.09,3.62,8.37
0000000000f9_0090 1400585223.67 10,10,10,1,10,1 87.73,92.14,96.57,6.81,87.63,4.66
0000000000f9_004d 1400585174.12 13,13,13,6,6,2,6 94.71,87.90,92.61,8.75,6.73,3.62,8.37
0000000000f9_0090 1400585273.72 10,10,10,1,10,1 87.73,92.14,96.57,6.81,94.63,4.66
0000000000f9_0047 1400585374.39 11,6,3,11,3 84.75,7.83,5.41,87.44,6.72
0000000000f9_0090 1400585323.77 10,10,10,1,10,1 96.24,94.32,88.89,6.81,94.63,5.17
0000000000f9_004d 1400585224.17 13,13,13,6,6,2,6 94.71,87.90,92.61,8.75,6.73,3.62,8.37
0000000000f9_0047 1400585424.44 11,6,3,11,3 84.75,7.83,5.41,87.44,6.99
0000000000f9_0082 1400586471.35 10 1252.45
0000000000f9_0090 1400585373.82 10,10,10,1,10,1 96.24,94.32,88.89,6.81,94.63,5.17
0000000000f9_004d 1400585274.22 13,13,13,6,6,2,6 94.71,87.90,92.61,8.75,6.73,3.62,7.71
0000000000f9_0082 1400586521.36 10 1252.45
0000000000f9_0047 1400585474.49 11,6,3,11,3 84.75,7.83,5.41,87.44,6.99
0000000000f9_0082 1400586571.4 10 1252.45
0000000000f9_004d 1400585324.27 13,13,13,6,6,2,6 97.95,96.41,92.25,8.75,7.38,3.98,7.71
0000000000f9_0090 1400585423.85 10,10,10,1,10,1 96.24,94.32,88.89,6.81,91.06,5.17
0000000000f9_0082 1400586621.46 10 1252.45
0000000000f9_0047 1400585524.54 11,6,3,11,3 84.75,7.83,5.24,102.33,6.99
0000000000f9_0090 1400585473.89 10,10,10,1,10,1 96.24,94.32,88.89,6.81,91.06,5.17
0000000000f9_004d 1400585374.29 13,13,13,6,6,2,6 97.95,96.41,92.25,8.75,7.38,3.98,7.71
0000000000f9_0082 1400586671.51 10 1252.45
0000000000f9_0082 1400586721.56 10 1252.45
0000000000f9_0047 1400585574.6 11,6,3,11,3 84.75,7.83,5.24,102.33,6.94
0000000000f9_0090 1400585523.93 10,10,10,1,10,1 89.54,94.42,91.47,6.81,91.06,4.79
0000000000f9_004d 1400585424.32 13,13,13,6,6,2,6 97.95,96.41,92.25,8.75,7.38,3.98,6.60
0000000000f9_0082 1400586771.61
0000000000f9_0082 1400586821.66
0000000000f9_0090 1400585573.94 10,10,10,1,10,1 89.54,94.42,91.47,6.81,88.88,4.79
0000000000f9_0047 1400585624.64 11,6,3,11,3 84.75,7.83,5.24,102.33,6.94
0000000000f9_004d 1400585474.37 13,13,13,6,6,2,6 97.95,96.41,92.25,8.75,7.38,3.44,6.60
0000000000f9_0082 1400586871.71
0000000000f9_0082 1400586921.75
0000000000f9_0090 1400585623.99 10,10,10,1,10,1 89.54,94.42,91.47,6.81,88.88,4.79
0000000000f9_004d 1400585524.42 13,13,13,6,6,2,6 101.92,87.24,98.96,16.73,6.93,3.44,6.60
0000000000f9_0082 1400586971.77
0000000000f9_0047 1400585674.69 11,6,3,11,3 84.75,7.83,5.27,94.24,6.94
0000000000f9_0082 1400587021.8
0000000000f9_0090 1400585674.03 10,10,10,1,10,1 89.54,103.16,101.76,6.81,88.88,4.73
0000000000f9_0082 1400587071.8
0000000000f9_004d 1400585574.45 13,13,13,6,6,2,6 101.92,87.24,98.96,16.73,6.93,3.44,8.90
0000000000f9_0047 1400585724.74 11,6,3,11,3 84.75,7.83,5.27,94.24,5.11
0000000000f9_0082 1400587121.8
0000000000f9_0090 1400585724.09 10,10,10,1,10,1 153.94,103.16,101.76,6.81,87.13,4.73
0000000000f9_004d 1400585624.49 13,13,13,6,6,2,6 101.92,87.24,98.96,16.73,6.93,3.44,8.90
0000000000f9_0082 1400587171.82
0000000000f9_0047 1400585774.79 11,6,3,11,3 84.75,7.83,5.27,94.24,5.11
0000000000f9_0082 1400587221.83
0000000000f9_0090 1400585774.13 10,10,10,1,10,1 153.94,103.16,101.76,6.81,87.13,4.73
0000000000f9_004d 1400585674.52 13,13,13,6,6,2,6 89.08,84.82,98.96,14.91,6.93,3.37,8.90
0000000000f9_0082 1400587271.88
0000000000f9_0082 1400587321.88
0000000000f9_0047 1400585824.85 11,6,3,11,3 84.75,7.83,5.27,94.24,5.11
0000000000f9_0090 1400585824.16 10,10,10,1,10,1 153.94,103.16,101.76,6.81,87.13,4.73
0000000000f9_0082 1400587371.91
0000000000f9_004d 1400585724.57 13,13,13,6,6,2,6 89.08,84.82,132.84,14.91,7.48,3.37,6.34
0000000000f9_0082 1400587421.96
0000000000f9_0082 1400587472.01
0000000000f9_004d 1400585774.6 13,13,13,6,6,2,6 89.08,84.82,132.84,14.91,7.48,3.37,6.34
0000000000f9_0082 1400587522.05
0000000000f9_0082 1400587572.07
0000000000f9_004d 1400585824.63 13,13,13,6,6,2,6 89.08,84.82,132.84,14.91,7.48,3.37,6.34
0000000000f9_0082 1400587622.12
0000000000f9_00a7 1400584919.56
0000000000f9_0065 1400584920.21
0000000000f9_00b0 1400584953.46
0000000000f9_00b0 1400585003.48
0000000000f9_00b0 1400585053.54
0000000000f9_00b0 1400585103.59
0000000000f9_00b0 1400585153.64
0000000000f9_00b0 1400585203.69
0000000000f9_00b0 1400585253.7
0000000000f9_00b0 1400585303.75 9 135.60
0000000000f9_00b0 1400585353.81 9 135.60
0000000000f9_00b0 1400585403.86 9 135.60
0000000000f9_00bc 1400584973.31 10,12,9,10 79.43,6.86,7.73,8.42
0000000000f9_00b0 1400585453.91 9 152.61
0000000000f9_00b0 1400585503.95 9 152.61
0000000000f9_00b0 1400585554.01 9 152.61
0000000000f9_00bc 1400585023.36 10,12,9,10 79.43,6.86,7.73,8.42
0000000000f9_00b0 1400585604.05 9 156.06
0000000000f9_00b0 1400585654.1 9 156.06
0000000000f9_00b0 1400585704.15 9 156.06
0000000000f9_00bc 1400585073.4 10,12,9,10 79.43,6.86,7.73,8.42
0000000000f9_00b0 1400585754.2 9 141.70
0000000000f9_00b0 1400585804.25 9 141.70
0000000000f9_00b0 1400585854.29 9 141.70
0000000000f9_00bc 1400585123.45 10,12,9,10 79.43,6.86,7.73,10.18
0000000000f9_00bc 1400585173.48 10,12,9,10 79.43,12.13,11.75,10.18
0000000000f9_00bc 1400585223.52 10,12,9,10 79.43,12.13,11.75,10.18
0000000000f9_00bc 1400585273.57 10,12,9,10 79.43,12.13,11.75,16.72
0000000000f9_00bc 1400585323.61 10,12,9,10 79.43,12.87,12.46,16.72
0000000000f9_00bc 1400585373.66 10,12,9,10 79.43,12.87,12.46,16.72
0000000000f9_00c6 1400585043.14
0000000000f9_00bc 1400585423.66 10,12,9,10 79.43,12.87,12.46,19.68
0000000000f9_00bc 1400585473.66 10,12,9,10 79.43,12.87,12.46,19.68
0000000000f9_00bc 1400585523.69 10,12,9,10 79.43,10.38,32.32,19.68
0000000000f9_00bc 1400585573.74 10,12,9,10 79.43,10.38,32.32,16.64
0000000000f9_00bc 1400585623.79 10,12,9,10 79.43,10.38,32.32,16.64
0000000000f9_00bc 1400585673.84 10,12,9,10 79.43,9.48,32.32,16.64
0000000000f9_00bc 1400585723.86 10,12,9,10 79.43,9.48,82.16,7.82
0000000000f9_00bc 1400585773.91 10,12,9,10 79.43,9.48,82.16,7.82
0000000000f9_00bc 1400585823.96 10,12,9,10 79.43,9.48,82.16,7.82
0000000000f9_001c 1400584970.32 15,4,4 11.24,10.10,13.84
0000000000f9_001c 1400585020.37 15,4,4 11.24,10.10,13.84
0000000000f9_001c 1400585070.42 15,4,4 11.24,10.10,13.84
0000000000f9_001c 1400585120.46 15,4,4 10.75,39.42,13.84
0000000000f9_001c 1400585170.51 15,4,4 10.75,39.42,10.26
0000000000f9_001c 1400585220.56 15,4,4 10.75,39.42,10.26
0000000000f9_001c 1400585270.61 15,4,4 10.75,39.42,13.79
0000000000f9_001c 1400585320.66 15,4,4 12.59,16.28,13.79
0000000000f9_001c 1400585370.7 15,4,4 12.59,16.28,13.79
0000000000f9_001c 1400585420.75 15,4,4 12.59,16.28,12.47
0000000000f9_001c 1400585470.8 15,4,4 11.23,16.28,12.47
0000000000f9_001c 1400585520.85 15,4,4 11.23,14.03,12.47
0000000000f9_001c 1400585570.9 15,4,4 11.23,14.03,14.32
0000000000f9_001c 1400585620.95 15,4,4 11.23,14.03,14.32
0000000000f9_001c 1400585671.0 15,4,4 12.05,12.18,14.32
0000000000f9_001c 1400585721.05 15,4,4 12.05,12.18,9.50
0000000000f9_001c 1400585771.11 15,4,4 12.05,12.18,9.50
0000000000f9_001c 1400585821.16 15,4,4 12.05,12.18,9.50
0000000000f9_00c6 1400585093.19 10,10,10,10,10 304.83,1695.18,269.07,506.62,182.41
0000000000f9_00c6 1400585143.2 10,10,10,10,10 304.83,1695.18,269.07,506.62,182.41
0000000000f9_00c6 1400585193.24 10,10,10,10,10 304.83,1695.18,269.07,506.62,182.41
0000000000f9_00c6 1400585243.26 10,10,10,10 304.83,1695.18,799.79,506.62
0000000000f9_00c6 1400585293.31 10,10,10 304.83,1267.39,799.79
0000000000f9_00c6 1400585343.36 10,10,10 304.83,1267.39,799.79
0000000000f9_00c6 1400585393.41 10,10,10,10,10 1082.88,1267.39,799.79,147.07,151.97
0000000000f9_00c6 1400585443.46 10,10,10,10,10 1082.88,1531.56,584.77,147.07,151.97
0000000000f9_00c6 1400585493.49 10,10,10,10,10 1082.88,1531.56,584.77,147.07,151.97
0000000000f9_00c6 1400585543.54 10,10,10,10,10 1082.88,1531.56,584.77,147.07,151.97
0000000000f9_00c6 1400585593.59 10,10,10,10,10 1082.88,1531.56,584.77,147.07,151.97
0000000000f9_00c6 1400585643.64 10,10,10,10,10 1082.88,1531.56,584.77,147.07,151.97
0000000000f9_00c6 1400585693.69 10,10,10,10 1531.56,584.77,147.07,151.97
0000000000f9_00c6 1400585743.74 10,10,10 1920.07,326.09,1061.44
0000000000f9_00c6 1400585793.79 10,10,10 1920.07,326.09,1061.44
0000000000f9_00c6 1400585843.84 10,10,10 1920.07,326.09,1061.44
0000000000f9_00c6 1400585893.9 10,10,10 1920.07,326.09,1061.44
0000000000f9_00c6 1400585943.94 10,10 1920.07,326.09
0000000000f9_00c6 1400585994.0 10 326.09
0000000000f9_00c6 1400586044.05
0000000000f9_00c6 1400586094.09
0000000000f9_00c6 1400586144.15
0000000000f9_00c6 1400586194.16
0000000000f9_00c6 1400586244.18
0000000000f9_00c6 1400586294.23 10 1500.27
0000000000f9_00c6 1400586344.28 10 1500.27
0000000000f9_00c6 1400586394.33 10 1500.27
0000000000f9_00c6 1400586444.39 10 510.93
0000000000f9_007f 1400592288.92
0000000000f9_007f 1400592338.96
0000000000f9_007f 1400592389.01
0000000000f9_007f 1400592439.07
0000000000f9_00c6 1400586494.44 10 510.93
0000000000f9_00c6 1400586544.48 10 510.93
0000000000f9_00c6 1400586594.54 10 2324.71
0000000000f9_00a7 1400584969.6 30,30,30,1 78.97,84.36,2.28,2.12
0000000000f9_00a7 1400585019.66 30,30,30,1 78.97,84.36,2.28,2.12
0000000000f9_00a7 1400585069.71 30,30,30,1 78.97,84.36,2.28,2.12
0000000000f9_00a7 1400585119.72 30,30,30,1 78.88,84.82,2.28,2.12
0000000000f9_00a7 1400585169.77 30,30,30,1 78.88,84.82,1.71,1.74
0000000000f9_00a7 1400585219.81 30,30,30,1 78.88,84.82,1.71,1.74
0000000000f9_00a7 1400585269.84 30,30,30,1 78.88,84.82,1.71,2.21
0000000000f9_00a7 1400585319.89 30,30,30,1 79.91,88.29,1.09,2.21
0000000000f9_00a7 1400585369.94 30,30,30,1 79.91,88.29,1.09,2.21
0000000000f9_00a7 1400585419.99 30,30,30,1 79.91,88.29,1.09,1.75
0000000000f9_0065 1400584970.26 2,30,1,30,30 9.39,7.27,5.40,6.11,3.70
0000000000f9_0065 1400585020.31 2,30,1,30,30 9.39,7.27,5.40,6.11,3.70
0000000000f9_0065 1400585070.35 2,30,1,30,30 9.39,7.27,5.40,6.11,3.70
0000000000f9_00a7 1400585470.02 30,30,30,30,1 79.91,88.29,7.47,1.09,1.75
0000000000f9_00a7 1400585520.03 30,30,30,30,1 91.15,88.76,7.47,1.64,1.75
0000000000f9_00a7 1400585570.07 30,30,30,30,1 91.15,88.76,7.47,1.64,2.11
0000000000f9_00a7 1400585620.11 30,30,30,1 91.15,88.76,1.64,2.11
0000000000f9_00a7 1400585670.16 30,30,30,1 85.43,83.95,1.15,2.11
0000000000f9_00a7 1400585720.18 30,30,30,1 85.43,83.95,1.15,2.55
0000000000f9_00a7 1400585770.23 30,30,30,1 85.43,83.95,1.15,2.55
0000000000f9_00a7 1400585820.24 30,30,30,1 85.43,83.95,1.15,2.55
0000000000f9_0065 1400585120.39 30,2,30,1,30,30 95.22,9.19,7.27,3.76,6.11,3.70
0000000000f9_0065 1400585170.41 30,2,30,1,30,30 95.22,9.19,7.27,3.76,3.85,3.75
0000000000f9_0065 1400585220.41 30,2,30,1,30,30 95.22,9.19,7.27,3.76,3.85,3.75
0000000000f9_0065 1400585270.46 30,2,30,1,30,30 95.22,9.19,7.27,3.76,4.66,3.75
0000000000f9_0065 1400585320.51 30,2,30,1,30,30 95.22,9.69,4.92,3.81,4.66,3.64
0000000000f9_0065 1400585370.56 30,2,30,1,30,30 95.22,9.69,4.92,3.81,4.66,3.64
0000000000f9_0065 1400585420.59 30,2,30,1,30,30 95.22,9.69,4.92,3.81,3.90,3.64
0000000000f9_0065 1400585470.61 30,2,30,1,30,30 95.22,10.47,4.92,3.81,3.90,3.64
0000000000f9_007f 1400592489.12
0000000000f9_007f 1400592539.16
0000000000f9_007f 1400592589.21
0000000000f9_007f 1400592639.26
0000000000f9_007f 1400592689.31
0000000000f9_007f 1400592739.36
0000000000f9_007f 1400592789.41
0000000000f9_007f 1400592839.46
0000000000f9_007f 1400592889.52
0000000000f9_007f 1400592939.53
0000000000f9_007f 1400592989.58
0000000000f9_007f 1400593039.61
0000000000f9_007f 1400593089.66
0000000000f9_007f 1400593139.72
0000000000f9_007f 1400593189.77
0000000000f9_007f 1400593239.77
0000000000f9_007f 1400593289.82
0000000000f9_007f 1400593339.87
0000000000f9_007f 1400593389.92
0000000000f9_007f 1400593439.97
0000000000f9_007f 1400593490.02
0000000000f9_007f 1400593540.07
0000000000f9_007f 1400593590.13
0000000000f9_007f 1400593640.18
0000000000f9_007f 1400593690.23
0000000000f9_007f 1400593740.28
0000000000f9_007f 1400593790.32
0000000000f9_007f 1400593840.34
0000000000f9_007f 1400593890.39
0000000000f9_007f 1400593940.45
0000000000f9_007f 1400593990.49
0000000000f9_007f 1400594040.55
0000000000f9_007f 1400594090.6
0000000000f9_007f 1400594140.64
0000000000f9_007f 1400594190.7
0000000000f9_007f 1400594240.75
0000000000f9_007f 1400594290.8
0000000000f9_007f 1400594340.85
0000000000f9_007f 1400594390.89
0000000000f9_007f 1400594440.95
0000000000f9_007f 1400594491.0
0000000000f9_007f 1400594541.04
0000000000f9_007f 1400594591.08
0000000000f9_007f 1400594641.13
0000000000f9_007f 1400594691.18
0000000000f9_007f 1400594741.23
0000000000f9_007f 1400594791.28
0000000000f9_007f 1400594841.33
0000000000f9_007f 1400594891.36
0000000000f9_007f 1400594941.42
0000000000f9_0065 1400585520.62 30,30,2,30,1,30,30 4.70,95.22,10.47,4.76,3.41,3.90,3.92
0000000000f9_0065 1400585570.67 30,30,2,30,1,30,30 4.70,95.22,10.47,4.76,3.41,4.71,3.92
0000000000f9_0065 1400585620.72 30,30,2,30,1,30,30 4.70,95.22,10.47,4.76,3.41,4.71,3.92
0000000000f9_0065 1400585670.77 30,30,2,30,1,30,30 4.70,95.22,9.35,4.62,3.38,4.71,3.92
0000000000f9_0065 1400585720.83 30,30,2,30,1,30,30 4.70,95.22,9.35,4.62,3.38,4.51,5.36
0000000000f9_0065 1400585770.88 30,30,2,30,1,30,30 4.70,95.22,9.35,4.62,3.38,4.51,5.36
0000000000f9_0065 1400585820.93 30,30,2,30,1,30,30 4.70,95.22,9.35,4.62,3.38,4.51,5.36
