0000000000f9_00a5 1400587896.81
0000000000f9_0007 1400587896.53
0000000000f9_00a3 1400587897.57
0000000000f9_00a5 1400587946.83 2,1,1,1 11.02,12.93,4.72,2.46
0000000000f9_00a5 1400587996.88 2,1,1,1 11.02,12.93,4.72,2.46
0000000000f9_00a3 1400587947.61 1,1,1,1,1 1.53,1.99,3.03,11.29,2.66
0000000000f9_0007 1400587946.57 3,4,4,4,4 14.40,11.77,5.11,10.13,6.29
0000000000f9_00a5 1400588046.93 2,1,1,1 11.02,12.93,4.72,2.46
0000000000f9_00a9 1400587896.84
0000000000f9_00a3 1400587997.65 1,1,1,1,1 1.53,1.99,3.03,11.29,2.66
0000000000f9_00a5 1400588096.98 2,1,1,1 11.02,2.36,4.72,1.84
0000000000f9_0007 1400587996.59 3,4,4,4,4 14.40,11.77,5.11,10.13,6.29
0000000000f9_00a3 1400588047.7 1,1,1,1,1 1.53,1.99,3.03,11.29,2.66
0000000000f9_00ab 1400587897.48
0000000000f9_00a5 1400588147.03 2,1,1,1 11.02,2.36,3.26,1.84
0000000000f9_00a8 1400587897.17
0000000000f9_00a5 1400588197.08 2,1,1,1 11.02,2.36,3.26,1.84
0000000000f9_00a8 1400587947.21 1,1,1 4.48,2.45,2.19
0000000000f9_0007 1400588046.64 3,4,4,4,4 14.40,11.77,5.11,10.13,6.29
0000000000f9_008c 1400587897.24
0000000000f9_00a3 1400588097.74 1,1,1,1,1 1.89,1.99,3.03,3.15,2.35
0000000000f9_00a5 1400588247.13 2,1,1,1 11.02,2.36,4.05,1.84
0000000000f9_00a8 1400587997.23 1,1,1 4.48,2.45,2.19
0000000000f9_0057 1400587897.12
0000000000f9_00a4 1400587896.77
0000000000f9_00a8 1400588047.25 1,1,1 4.48,2.45,2.19
0000000000f9_00a3 1400588147.75 1,1,1,1,1 1.89,1.68,3.03,3.15,2.35
0000000000f9_00ab 1400587947.52 4,1,1,1,1 9.65,5.25,4.05,1.96,2.80
0000000000f9_00a5 1400588297.17 2,1,1,1 8.33,1.70,4.05,1.74
0000000000f9_0096 1400587897.93
0000000000f9_00a8 1400588097.3 1,1,1 1.74,1.96,2.36
0000000000f9_00a3 1400588197.79 1,1,1,1,1 1.89,1.68,3.03,3.15,2.35
0000000000f9_00a5 1400588347.22 2,1,1,1 8.33,1.70,4.05,1.74
0000000000f9_008c 1400587947.29 4,4,4,4,4 12.03,8.95,12.14,9.20,10.69
0000000000f9_00a8 1400588147.32 1,1,1 1.74,1.96,2.36
0000000000f9_00a4 1400587946.82 1,1,1,1,1 5.49,4.06,2.84,2.66,2.78
0000000000f9_00ab 1400587997.55 4,1,1,1,1 9.65,5.25,4.05,1.96,2.80
0000000000f9_0076 1400587897.01
0000000000f9_00a8 1400588197.36 1,1,1 1.74,1.96,2.36
0000000000f9_00a3 1400588247.84 1,1,1,1,1 1.89,1.68,3.03,3.15,1.42
0000000000f9_00a5 1400588397.27 2,1,1,1 8.33,1.70,3.17,1.74
0000000000f9_0096 1400587947.98 4,4,4,4 9.96,9.45,11.93,11.24
0000000000f9_0057 1400587947.14 4,1,1,1,1 15.95,3.48,9.62,5.72,4.64
0000000000f9_00a4 1400587996.85 1,1,1,1,1 5.49,4.06,2.84,2.66,2.78
0000000000f9_0066 1400587897.25
0000000000f9_0058 1400587897.26
0000000000f9_0058 1400587947.31 2,1,1,1,1 8.91,3.53,12.94,7.99,10.67
0000000000f9_00ab 1400588047.56 4,1,1,1,1 9.65,5.25,4.05,1.96,2.80
0000000000f9_00a8 1400588247.41 1,1,1 1.74,1.96,1.81
0000000000f9_008c 1400587997.3 4,4,4,4,4 12.03,8.95,12.14,9.20,10.69
0000000000f9_0058 1400587997.36 2,1,1,1,1 8.91,3.53,12.94,7.99,10.67
0000000000f9_00a3 1400588297.88 1,1,1,1,1 1.84,2.26,3.03,3.65,1.42
0000000000f9_00a9 1400587946.88 1,10,1,1,1 3.10,85.86,3.76,2.29,1.75
0000000000f9_00a4 1400588046.87 1,1,1,1,1 5.49,4.06,2.84,2.66,2.78
0000000000f9_00a8 1400588297.45 1,1,1 1.84,1.97,1.81
0000000000f9_00aa 1400587897.31
0000000000f9_00ab 1400588097.57 4,1,1,1,1 9.65,5.25,4.02,4.21,1.94
0000000000f9_0076 1400587947.07 1,1,1,1,1 6.18,6.45,3.91,5.22,5.59
0000000000f9_0096 1400587997.99 4,4,4,4 9.96,9.45,11.93,11.24
0000000000f9_00a8 1400588347.46 1,1,1 1.84,1.97,1.81
0000000000f9_00a6 1400587896.79
0000000000f9_0057 1400587997.19 4,1,1,1,1 15.95,3.48,9.62,5.72,4.64
0000000000f9_0055 1400587897.33
0000000000f9_00a9 1400587996.93 1,10,1,1,1 3.10,85.86,3.76,2.29,1.75
0000000000f9_00a3 1400588347.93 1,1,1,1,1 1.84,2.26,3.03,3.65,1.42
0000000000f9_00a4 1400588096.91 1,1,1,1,1,1 5.24,4.45,4.06,2.84,2.66,2.78
0000000000f9_00a5 1400588447.31 2,1,1,1 8.33,1.70,3.17,1.25
0000000000f9_00ab 1400588147.62 4,1,1,1,1 9.00,5.25,4.02,4.21,1.94
0000000000f9_0066 1400587947.26 5.26,94.12,3.71,4.15,5.17
0000000000f9_008c 1400588047.33 4,4,4,4,4 12.03,8.95,12.14,9.20,10.69
0000000000f9_0058 1400588047.39 2,1,1,1,1 8.91,3.53,12.94,7.99,10.67
0000000000f9_00a8 1400588397.5 1,1,1 1.84,1.97,1.47
0000000000f9_00a3 1400588397.94 1,1,1,1,1 1.84,2.26,3.03,3.65,1.06
0000000000f9_0076 1400587997.12 1,1,1,1,1 6.18,6.45,3.91,5.22,5.59
0000000000f9_00a8 1400588447.55 1,1,1 1.84,1.27,1.47
0000000000f9_00a5 1400588497.34 2,1,1,1 6.91,1.18,3.17,1.25
0000000000f9_0096 1400588048.04 4,4,4,4 9.96,9.45,11.93,11.24
0000000000f9_00a4 1400588146.95 1,1,1,1,1,1 5.24,4.45,4.03,2.84,2.66,2.29
0000000000f9_0068 1400587897.27
0000000000f9_00a9 1400588046.98 1,10,1,1,1 3.10,85.86,3.76,2.29,1.75
0000000000f9_00ab 1400588197.66 4,1,1,1,1 9.00,5.25,4.02,4.21,1.94
0000000000f9_0056 1400587897.6
0000000000f9_0082 1400587897.16
0000000000f9_00a8 1400588497.6 1,1,1 1.03,1.27,1.47
0000000000f9_00a3 1400588447.97 1,1,1,1,1 1.84,2.26,3.03,2.55,1.06
0000000000f9_0057 1400588047.24 4,1,1,1,1 15.95,3.48,9.62,5.72,4.64
0000000000f9_00a4 1400588197.0 1,1,1,1,1,1 5.24,4.45,4.03,2.84,2.66,2.29
0000000000f9_008c 1400588097.37 4,4,4,4,4 12.03,9.43,11.05,9.20,10.69
0000000000f9_00a9 1400588097.03 1,10,1,1,1 3.10,85.86,3.76,3.23,2.63
0000000000f9_0066 1400587997.29 5.26,94.12,3.71,4.15,5.17
0000000000f9_00ab 1400588247.7 4,1,1,1,1 9.00,5.25,4.53,4.21,1.94
0000000000f9_0058 1400588097.43 2,1,1,1,1 8.91,3.53,4.43,5.50,10.67
0000000000f9_00a3 1400588498.01 1,1,1,1,1 1.11,1.10,3.03,2.55,1.06
0000000000f9_0076 1400588047.17 1,1,1,1,1 6.18,6.45,3.91,5.22,5.59
0000000000f9_00a4 1400588247.04 1,1,1,1,1,1 5.24,4.45,4.03,2.84,1.36,2.29
0000000000f9_0068 1400587947.32 4.14,4.71,4.96
0000000000f9_003f 1400587897.66
0000000000f9_00a9 1400588147.04 1,10,1,1,1 3.08,85.62,3.39,3.23,2.63
0000000000f9_001c 1400587897.46
0000000000f9_00ab 1400588297.75 4,1,1,1,1 9.00,3.66,4.53,4.21,2.29
0000000000f9_00a4 1400588297.09 1,1,1,1,1,1 4.50,4.45,3.16,2.84,1.36,2.11
0000000000f9_0096 1400588098.07 4,4,4,4 8.13,9.45,18.19,9.40
0000000000f9_0007 1400588096.67 15,3,4,4,4,4 89.81,19.32,11.77,5.11,10.13,6.29
0000000000f9_008c 1400588147.37 4,4,4,4,4 12.03,9.43,11.05,8.56,8.65
0000000000f9_0057 1400588097.3 4,1,1,1,1 13.58,3.48,9.62,3.26,3.27
0000000000f9_00a4 1400588347.14 1,1,1,1,1,1 4.50,4.45,3.16,2.84,1.36,2.11
0000000000f9_00a9 1400588197.08 1,10,1,1,1 3.08,85.62,3.39,3.23,2.63
0000000000f9_00ab 1400588347.8 4,1,1,1,1 9.00,3.66,4.53,4.21,2.29
0000000000f9_0066 1400588047.34 5.26,94.12,3.71,4.15,5.17
0000000000f9_003f 1400587947.72 4,4,4,4,4 45.63,6.26,8.61,9.54,9.84
0000000000f9_0096 1400588148.12 4,4,4,4 8.13,6.31,18.19,9.40
0000000000f9_0058 1400588147.44 2,1,1,1,1 8.91,3.40,4.43,5.50,10.67
0000000000f9_0076 1400588097.22 1,1,1,1,1 6.18,4.27,3.34,5.27,5.59
0000000000f9_0068 1400587997.33 4.14,4.71,4.96
0000000000f9_00a4 1400588397.18 1,1,1,1,1,1 4.50,4.45,3.16,2.84,1.14,2.11
0000000000f9_00a9 1400588247.13 1,10,1,1,1 3.08,85.62,3.39,3.23,1.57
0000000000f9_0056 1400587947.65 1,1,1,1,1 7.91,17.43,4.32,6.97,5.37
0000000000f9_0082 1400587947.17 2,2,2,2,2 8.11,22.89,41.85,5.62,5.34
0000000000f9_0007 1400588146.68 15,3,4,4,4,4 89.81,19.32,5.39,25.55,26.38,5.80
0000000000f9_00a4 1400588447.23 1,1,1,1,1,1 4.50,4.45,3.16,2.84,1.14,2.11
0000000000f9_00a9 1400588297.16 1,10,1,1,1 3.79,89.51,3.73,1.90,1.57
0000000000f9_003f 1400587997.77 4,4,4,4,4 45.63,6.26,8.61,9.54,9.84
0000000000f9_0096 1400588198.17 4,4,4,4 8.13,6.31,18.19,9.40
0000000000f9_00a4 1400588497.27 1,1,1,1,1,1 4.04,4.45,2.77,2.84,1.14,1.07
0000000000f9_0068 1400588047.38 4.14,4.71,4.96
0000000000f9_008c 1400588197.39 4,4,4,4,4 12.03,9.43,11.05,8.56,8.65
0000000000f9_0057 1400588147.35 4,1,1,1,1 13.58,3.48,4.30,3.26,3.27
0000000000f9_0066 1400588097.39 5.26,94.12,4.53,4.15,4.68
0000000000f9_00a9 1400588347.2 1,10,1,1,1 3.79,89.51,3.73,1.90,1.57
0000000000f9_0058 1400588197.48 2,1,1,1,1 8.91,3.40,4.43,5.50,10.67
0000000000f9_00ab 1400588397.88 3,4,1,1,1,1 10.15,9.00,3.66,3.02,4.21,2.29
0000000000f9_003a 1400587898.19
0000000000f9_0007 1400588196.71 15,3,4,4,4,4 89.81,19.32,5.39,25.55,26.38,5.80
0000000000f9_0076 1400588147.27 1,1,1,1,1 6.18,4.27,3.34,5.27,5.10
0000000000f9_00a9 1400588397.24 1,10,1,1,1 3.79,89.51,3.73,1.90,1.20
0000000000f9_00ab 1400588447.92 3,4,1,1,1,1 10.15,9.00,3.66,3.02,4.21,1.11
0000000000f9_0068 1400588097.4 4.14,3.10,3.25
0000000000f9_00a9 1400588447.29 1,10,1,1,1 3.79,89.51,3.73,1.90,1.20
0000000000f9_0096 1400588248.18 4,4,4,4 9.89,6.31,18.19,9.40
0000000000f9_003f 1400588047.82 4,4,4,4,4 45.63,6.26,8.61,9.54,9.84
0000000000f9_008c 1400588247.39 4,4,4,4,4 8.14,9.43,14.97,8.56,8.65
0000000000f9_00ab 1400588497.97 3,4,1,1,1,1 10.15,9.00,3.10,3.02,4.21,1.11
0000000000f9_00a9 1400588497.33 1,10,1,1,1 2.74,83.31,2.51,1.12,1.20
0000000000f9_0055 1400587947.34 11,4,1,1,1 101.65,11.76,5.01,13.91,3.94
0000000000f9_0056 1400587997.7 1,1,1,1,1 7.91,17.43,4.32,6.97,5.37
0000000000f9_0082 1400587997.18 2,2,2,2,2 8.11,22.89,41.85,5.62,5.34
0000000000f9_0057 1400588197.4 4,1,1,1,1 13.58,3.48,4.30,3.26,3.27
0000000000f9_0007 1400588246.74 15,3,4,4,4,4 89.81,19.32,5.39,25.55,8.62,5.80
0000000000f9_0066 1400588147.43 5.26,88.91,4.53,4.15,4.68
0000000000f9_0058 1400588247.54 2,1,1,1,1 8.91,3.40,5.95,5.50,10.67
0000000000f9_0076 1400588197.32 1,1,1,1,1 6.18,4.27,3.34,5.27,5.10
0000000000f9_00a6 1400587946.82 11,13,1,1,1,1,1 84.59,92.71,2.16,2.20,4.18,3.68,2.13
0000000000f9_0068 1400588147.45 4.14,3.10,3.25
0000000000f9_0096 1400588298.22 4,4,4,4 9.89,6.31,18.19,9.40
0000000000f9_0083 1400587899.05
0000000000f9_00a6 1400587996.84 11,13,1,1,1,1,1 84.59,92.71,2.16,2.20,4.18,3.68,2.13
0000000000f9_008c 1400588297.44 4,4,4,4,4 8.14,13.72,14.97,7.59,7.07
0000000000f9_0007 1400588296.77 15,3,4,4,4,4 89.81,11.35,7.38,17.83,8.62,5.80
0000000000f9_0055 1400587997.39 11,4,1,1,1 101.65,11.76,5.01,13.91,3.94
0000000000f9_003f 1400588097.87 4,4,4,4,4 45.63,17.74,8.61,9.54,8.38
0000000000f9_0083 1400587949.1
0000000000f9_0057 1400588247.45 4,1,1,1,1 13.58,3.48,4.30,3.47,3.27
0000000000f9_00a6 1400588046.88 11,13,1,1,1,1,1 84.59,92.71,2.16,2.20,4.18,3.68,2.13
0000000000f9_0076 1400588247.34 1,1,1,1,1 6.18,4.27,3.34,6.44,5.10
0000000000f9_003f 1400588147.92 4,4,4,4,4 45.63,17.74,13.36,28.92,8.38
0000000000f9_0066 1400588197.46 5.26,88.91,4.53,4.15,4.68
0000000000f9_0058 1400588297.59 2,1,1,1,1 8.91,3.40,5.95,5.89,10.67
0000000000f9_0083 1400587999.13
0000000000f9_0096 1400588348.27 4,4,4,4 9.89,6.31,18.19,9.40
0000000000f9_0082 1400588047.23 2,2,2,2,2 8.11,22.89,41.85,5.62,5.34
0000000000f9_00a6 1400588096.93 11,13,1,1,1,1,1 84.59,92.71,2.16,2.20,1.88,3.01,2.31
0000000000f9_0068 1400588197.45 4.14,3.10,3.25
0000000000f9_0007 1400588346.83 15,3,4,4,4,4 89.81,11.35,7.38,17.83,8.62,7.91
0000000000f9_0056 1400588047.72 1,1,1,1,1 7.91,17.43,4.32,6.97,5.37
0000000000f9_0083 1400588049.18
0000000000f9_008c 1400588347.49 4,4,4,4,4 8.14,13.72,14.97,7.59,7.07
0000000000f9_00a6 1400588146.93 11,13,1,1,1,1,1 84.59,92.61,2.16,1.80,1.88,3.01,2.31
0000000000f9_0055 1400588047.43 11,4,1,1,1 101.65,11.76,5.01,13.91,3.94
0000000000f9_003f 1400588197.96 4,4,4,4,4 45.63,17.74,13.36,28.92,8.38
0000000000f9_0083 1400588099.23
0000000000f9_0076 1400588297.37 1,1,1,1,1 4.46,4.27,3.25,6.44,4.75
0000000000f9_0057 1400588297.5 4,1,1,1,1 19.71,3.48,3.28,3.47,3.40
0000000000f9_0096 1400588398.32 4,4,4,4 9.89,11.51,7.69,7.05
0000000000f9_00a6 1400588196.98 11,13,1,1,1,1,1 84.59,92.61,2.16,1.80,1.88,3.01,2.31
0000000000f9_0066 1400588247.46 5.26,88.91,4.53,4.15,5.69
0000000000f9_0058 1400588347.64 2,1,1,1,1 8.91,3.40,5.95,5.89,10.67
0000000000f9_0068 1400588247.49 4.14,3.10,4.51
0000000000f9_0083 1400588149.27
0000000000f9_0007 1400588396.88 15,3,4,4,4,4 89.81,11.35,7.38,17.83,7.34,7.91
0000000000f9_00a6 1400588247.02 11,13,1,1,1,1,1 84.59,92.61,2.16,1.80,1.88,3.01,1.48
0000000000f9_0083 1400588199.32
0000000000f9_008c 1400588397.55 4,4,4,4,4 6.44,13.72,8.46,7.59,7.07
0000000000f9_0055 1400588097.44 11,4,1,1,1 101.65,11.76,5.01,4.10,3.86
0000000000f9_0082 1400588097.28 2,2,2,2,2 5.68,4.82,41.85,5.62,4.77
0000000000f9_00a6 1400588297.06 11,13,1,1,1,1,1 84.59,91.15,2.16,2.13,1.74,3.50,1.48
0000000000f9_0083 1400588249.34
0000000000f9_0076 1400588347.42 1,1,1,1,1 4.46,4.27,3.25,6.44,4.75
0000000000f9_0068 1400588297.54 4.14,3.59,4.51
0000000000f9_0057 1400588347.55 4,1,1,1,1 19.71,3.48,3.28,3.47,3.40
0000000000f9_0007 1400588446.93 15,3,4,4,4,4 89.81,11.35,7.38,17.83,7.34,7.91
0000000000f9_0096 1400588448.38 4,4,4,4 9.89,11.51,7.69,7.05
0000000000f9_0066 1400588297.51 5.26,88.01,4.41,4.15,5.69
0000000000f9_00a6 1400588347.11 11,13,1,1,1,1,1 84.59,91.15,2.16,2.13,1.74,3.50,1.48
0000000000f9_0058 1400588397.7 2,1,1,1,1 8.91,3.40,4.61,5.89,10.67
0000000000f9_0083 1400588299.34
0000000000f9_008c 1400588447.6 4,4,4,4,4 6.44,13.72,8.46,7.59,7.07
0000000000f9_0056 1400588097.74 1,1,1,1,1,1 7.91,5.80,5.37,4.81,6.97,4.98
0000000000f9_00a6 1400588397.14 11,13,1,1,1,1,1 84.59,91.15,2.16,2.13,1.74,3.50,1.15
0000000000f9_0083 1400588349.39
0000000000f9_0096 1400588498.43 4,4,4,4 9.89,11.51,7.69,7.05
0000000000f9_0055 1400588147.49 11,4,1,1,1 101.65,11.76,5.01,4.10,3.86
0000000000f9_0076 1400588397.47 1,1,1,1,1 4.46,4.27,3.25,5.04,4.75
0000000000f9_0068 1400588347.59 4.14,3.59,4.51
0000000000f9_0007 1400588496.95 15,3,4,4,4,4 89.81,12.73,4.55,5.10,7.34,8.63
0000000000f9_003a 1400587948.25 4,2,2,2,2 18.00,13.78,8.23,10.47,11.43
0000000000f9_0083 1400588399.44
0000000000f9_00a6 1400588447.18 11,13,1,1,1,1,1 84.59,91.15,2.16,2.13,1.30,3.50,1.15
0000000000f9_0057 1400588397.59 4,1,1,1,1 19.71,3.48,3.28,3.19,3.40
0000000000f9_00ca 1400587899.98
0000000000f9_0066 1400588347.55 5.26,88.01,4.41,4.15,5.69
0000000000f9_0083 1400588449.49
0000000000f9_0058 1400588447.75 2,1,1,1,1 8.91,3.40,4.61,5.89,10.67
0000000000f9_003f 1400588247.98 4,4,4,4,4 45.63,17.74,13.36,14.91,8.38
0000000000f9_003f 1400588298.0 4,4,4,4,4 45.63,17.18,11.25,14.91,16.40
0000000000f9_003f 1400588348.01 4,4,4,4,4 45.63,17.18,11.25,14.91,16.40
0000000000f9_00ca 1400587950.0
0000000000f9_00a6 1400588497.19 11,13,1,1,1,1,1 84.59,83.04,2.16,1.08,1.30,2.60,1.15
0000000000f9_00ca 1400588000.05
0000000000f9_008c 1400588497.65 4,4,4,4,4 6.44,8.60,8.46,7.60,6.35
0000000000f9_0082 1400588147.28 2,2,2,2,2 5.68,4.82,5.75,4.33,4.77
0000000000f9_0083 1400588499.54
0000000000f9_00ca 1400588050.1
0000000000f9_00ca 1400588100.15
0000000000f9_0055 1400588197.5 11,4,1,1,1 101.65,11.76,5.01,4.10,3.86
0000000000f9_0076 1400588447.52 1,1,1,1,1 3.58,4.27,3.25,5.04,4.75
0000000000f9_0068 1400588397.65 4.14,3.59,2.92
0000000000f9_00ca 1400588150.19
0000000000f9_003f 1400588398.06 4,4,4,4,4 45.63,17.18,11.25,7.47,16.40
0000000000f9_0079 1400587899.5
0000000000f9_0057 1400588447.6 4,1,1,1,1 15.67,3.48,3.28,3.19,3.40
0000000000f9_0066 1400588397.61 5.26,88.01,4.41,4.15,4.33
0000000000f9_00ca 1400588200.24
0000000000f9_00ca 1400588250.26
0000000000f9_00ca 1400588300.31
0000000000f9_00ca 1400588350.31
0000000000f9_00ca 1400588400.35
0000000000f9_0058 1400588497.79 2,1,1,1,1 8.91,3.40,4.61,5.66,10.67
0000000000f9_0056 1400588147.78 1,1,1,1,1,1 7.91,5.80,5.37,4.81,5.99,4.98
0000000000f9_00ca 1400588450.4
0000000000f9_0068 1400588447.7 4.14,3.59,2.92
0000000000f9_0076 1400588497.58 1,1,1,1,1 3.58,5.10,3.11,5.04,4.00
0000000000f9_00ca 1400588500.41
0000000000f9_0055 1400588247.52 11,4,1,1,1 101.65,36.28,5.01,4.10,3.86
0000000000f9_0082 1400588197.3 2,2,2,2,2 5.68,4.82,5.75,4.33,4.77
0000000000f9_0057 1400588497.65 4,1,1,1,1 15.67,3.48,2.98,3.19,3.06
0000000000f9_0066 1400588447.66 5.26,88.01,3.69,4.15,4.33
0000000000f9_0068 1400588497.75 4.14,3.29,2.92
0000000000f9_0055 1400588297.52 11,4,1,1,1 101.65,36.28,5.01,4.10,3.86
0000000000f9_00bc 1400587901.15
0000000000f9_00b5 1400587900.45
0000000000f9_003a 1400587998.32 4,2,2,2,2 18.00,13.78,8.23,10.47,11.43
0000000000f9_00b5 1400587950.51
0000000000f9_0056 1400588197.79 1,1,1,1,1,1 7.91,5.80,5.37,4.81,5.99,4.98
0000000000f9_00b5 1400588000.54
0000000000f9_0066 1400588497.71 5.26,84.60,3.69,4.15,4.33
0000000000f9_0082 1400588247.35 2,2,2,2,2 5.68,4.82,6.82,4.33,4.77
0000000000f9_0055 1400588347.57 11,4,1,1,1 101.65,36.28,5.01,4.10,3.86
0000000000f9_00b5 1400588050.57
0000000000f9_0079 1400587949.57 4 13.99
0000000000f9_00b5 1400588100.62
0000000000f9_0090 1400587900.94
0000000000f9_00b5 1400588150.63 9 151.58
0000000000f9_0055 1400588397.62 11,4,1,1,1 101.65,9.17,5.01,4.24,3.24
0000000000f9_00bf 1400587901.21
0000000000f9_0093 1400587900.88
0000000000f9_00b5 1400588200.64 9 151.58
0000000000f9_0082 1400588297.39 2,2,2,2,2 5.20,4.56,6.82,4.41,5.47
0000000000f9_0056 1400588247.83 1,1,1,1,1,1 7.91,5.80,5.37,4.81,7.05,4.98
0000000000f9_003f 1400588448.1 4,4,4,4,4 45.63,17.18,11.25,7.47,9.08
0000000000f9_003f 1400588498.15 4,4,4,4,4 45.63,21.59,27.62,7.47,9.08
0000000000f9_00b5 1400588250.69 9 137.80
0000000000f9_0055 1400588447.68 11,4,1,1,1 101.65,9.17,5.01,4.24,3.24
0000000000f9_0047 1400587901.05
0000000000f9_003a 1400588048.39 4,2,2,2,2 18.00,13.78,8.23,10.47,11.43
0000000000f9_00b5 1400588300.74 9 137.80
0000000000f9_0092 1400587901.26
0000000000f9_00b5 1400588350.79 9 137.80
0000000000f9_0055 1400588497.73 11,4,1,1,1 101.65,9.17,5.01,4.24,3.24
0000000000f9_0079 1400587999.63 4 13.99
0000000000f9_00b5 1400588400.84 9 137.80
0000000000f9_0082 1400588347.4 2,2,2,2,2 5.20,4.56,6.82,4.41,5.47
0000000000f9_0056 1400588297.84 1,1,1,1,1,1 7.91,5.64,5.58,4.39,7.05,5.63
0000000000f9_0090 1400587951.0 10,6,10,1,10,3,1 92.25,8.02,87.32,16.55,88.47,4.99,9.85
0000000000f9_00b5 1400588450.85 9 146.78
0000000000f9_0051 1400587902.13
0000000000f9_00bf 1400587951.25 6,13,6,13,6,6 5.15,92.86,6.64,84.15,5.35,6.20
0000000000f9_0093 1400587950.92 13,8,6,10,7,1 29.55,17.84,9.13,91.23,14.07,7.48
0000000000f9_00bf 1400588001.27 6,13,6,13,6,6 5.15,92.86,6.64,84.15,5.35,6.20
0000000000f9_00b5 1400588500.9 9 146.78
0000000000f9_00bf 1400588051.29 6,13,6,13,6,6 5.15,92.86,6.64,84.15,5.35,6.20
0000000000f9_00bf 1400588101.34 12,6,13,6,13,6,6 24.75,4.97,89.36,6.64,84.15,5.35,6.20
0000000000f9_0050 1400587902.47
0000000000f9_0090 1400588001.02 10,6,10,1,10,3,1 92.25,8.02,87.32,16.55,88.47,4.99,9.85
0000000000f9_003a 1400588098.46 4,2,2,2,2 18.00,6.59,8.23,8.44,7.21
0000000000f9_0082 1400588397.46 2,2,2,2,2 5.20,4.56,5.12,4.41,5.47
0000000000f9_00bf 1400588151.39 12,6,13,6,13,6,6 24.75,4.97,89.36,5.17,88.81,5.63,6.20
0000000000f9_0093 1400588000.96 13,8,6,10,7,1 29.55,17.84,9.13,91.23,14.07,7.48
0000000000f9_0056 1400588347.89 1,1,1,1,1,1 7.91,5.64,5.58,4.39,7.05,5.63
0000000000f9_00bf 1400588201.4 12,6,13,6,13,6,6 24.75,4.97,89.36,5.17,88.81,5.63,6.20
0000000000f9_00bf 1400588251.45 12,6,13,6,13,6,6 24.75,4.97,89.36,5.17,88.81,5.63,8.13
0000000000f9_0079 1400588049.69 4 13.99
0000000000f9_00bf 1400588301.48 12,6,13,6,13,6,6 21.24,4.66,88.87,5.32,85.57,5.34,8.13
0000000000f9_0093 1400588051.01 13,8,6,10,7,1 29.55,17.84,9.13,91.23,14.07,7.48
0000000000f9_00bf 1400588351.53 12,6,13,6,13,6,6 21.24,4.66,88.87,5.32,85.57,5.34,8.13
0000000000f9_0090 1400588051.07 10,6,10,1,10,3,1 92.25,8.02,87.32,16.55,88.47,4.99,9.85
0000000000f9_0047 1400587951.11 7,11,11,3,3 12.94,90.63,88.77,5.95,5.15
0000000000f9_00bf 1400588401.58 12,6,13,6,13,6,6 21.24,4.66,88.87,5.32,85.57,5.34,4.96
0000000000f9_0082 1400588447.51 2,2,2,2,2 5.20,4.56,5.12,4.41,4.48
0000000000f9_00bf 1400588451.63 12,6,13,6,13,6,6 21.24,4.76,88.87,5.32,85.57,5.34,4.96
0000000000f9_004d 1400587902.31
0000000000f9_0092 1400587951.31 10,10,10,1,3 100.97,91.02,112.21,8.39,7.63
0000000000f9_0050 1400587952.52 7,15,15,7,7 16.49,107.38,114.86,19.30,19.54
0000000000f9_0051 1400587952.19 14,6,14,8,13,14 42.28,13.56,20.91,89.45,27.75,17.22
0000000000f9_00bf 1400588501.64 12,6,13,6,13,6,6 19.99,4.76,89.14,5.07,84.74,4.77,4.96
0000000000f9_0047 1400588001.16 7,11,11,3,3 12.94,90.63,88.77,5.95,5.15
0000000000f9_0056 1400588397.95 1,1,1,1,1,1 7.91,5.64,5.58,4.39,5.35,5.63
0000000000f9_0093 1400588101.06 13,8,6,10,7,1 29.55,22.44,9.13,89.51,14.07,4.67
0000000000f9_0090 1400588101.1 10,6,10,1,10,3,1 84.23,8.02,86.96,5.27,88.47,4.99,9.85
0000000000f9_003a 1400588148.52 4,2,2,2,2 18.00,6.59,11.67,8.44,7.21
0000000000f9_0047 1400588051.21 7,11,11,3,3 12.94,90.63,88.77,5.95,5.15
0000000000f9_0092 1400588001.32 10,10,10,1,3 100.97,91.02,112.21,8.39,7.63
0000000000f9_0082 1400588497.56 2,2,2,2,2 5.30,3.61,5.12,4.83,4.48
0000000000f9_0093 1400588151.11 13,8,6,10,7,1 18.44,22.44,9.13,89.51,14.07,4.67
0000000000f9_0090 1400588151.13 10,6,10,1,10,3,1 84.23,8.02,86.96,5.27,93.49,4.99,4.54
0000000000f9_0047 1400588101.26 7,11,11,3,3 11.49,90.63,88.77,5.01,5.16
0000000000f9_0050 1400588002.54 7,15,15,7,7 16.49,107.38,114.86,19.30,19.54
0000000000f9_0091 1400587901.04
0000000000f9_0092 1400588051.38 10,10,10,1,3 100.97,91.02,112.21,8.39,7.63
0000000000f9_0056 1400588448.01 1,1,1,1,1,1 7.91,5.64,5.58,4.52,5.35,5.14
0000000000f9_0051 1400588002.21 14,6,14,8,13,14 42.28,13.56,20.91,89.45,27.75,17.22
0000000000f9_0093 1400588201.16 13,8,6,10,7,1 18.44,22.44,9.13,89.51,14.07,4.67
0000000000f9_0047 1400588151.32 7,11,11,3,3 11.49,90.63,93.00,5.01,5.16
0000000000f9_0090 1400588201.15 10,6,10,1,10,3,1 84.23,8.02,86.96,5.27,93.49,4.99,4.54
0000000000f9_0092 1400588101.43 10,10,10,1,3 90.83,89.96,112.21,8.39,7.63
0000000000f9_0079 1400588099.75 4 63.34
0000000000f9_0093 1400588251.16 13,8,6,10,7,1 18.44,22.44,9.13,89.51,14.07,6.36
0000000000f9_0047 1400588201.36 7,11,11,3,3 11.49,90.63,93.00,5.01,5.16
0000000000f9_0050 1400588052.59 7,15,15,7,7 16.49,107.38,114.86,19.30,19.54
0000000000f9_003a 1400588198.59 4,2,2,2,2 18.00,6.59,11.67,8.44,7.21
0000000000f9_0056 1400588498.06 1,1,1,1,1,1 7.91,6.01,5.46,4.52,5.35,5.14
0000000000f9_0090 1400588251.2 10,6,10,1,10,3,1 84.23,8.02,86.96,5.27,93.49,4.99,6.39
0000000000f9_0092 1400588151.47 10,10,10,1,3 90.83,89.96,107.01,8.39,7.63
0000000000f9_0051 1400588052.26 14,6,14,8,13,14 42.28,13.56,20.91,89.45,27.75,17.22
0000000000f9_0093 1400588301.21 13,8,6,10,7,1 19.60,11.18,9.13,94.78,14.07,6.36
0000000000f9_0047 1400588251.4 7,11,11,3,3 11.49,90.63,93.00,5.01,6.69
0000000000f9_0092 1400588201.48 10,10,10,1,3 90.83,89.96,107.01,8.39,7.63
0000000000f9_0090 1400588301.22 10,6,10,1,10,3,1 88.24,8.02,89.98,5.28,89.82,4.99,6.39
0000000000f9_0047 1400588301.45 7,11,11,3,3 10.21,90.63,87.39,4.95,6.69
0000000000f9_0093 1400588351.25 13,8,6,10,7,1 19.60,11.18,9.13,94.78,14.07,6.36
0000000000f9_0050 1400588102.64 7,15,15,7,7 16.49,107.38,93.28,10.72,13.82
0000000000f9_0091 1400587951.09 10,10,1,6 90.21,98.47,5.38,5.84
0000000000f9_004d 1400587952.33 15,13,13,6,6,2 95.10,103.09,99.95,13.59,22.42,6.47
0000000000f9_0092 1400588251.48 10,10,10,1,3 90.83,89.96,107.01,8.72,7.63
0000000000f9_0047 1400588351.5 7,11,11,3,3 10.21,90.63,87.39,4.95,6.69
0000000000f9_0090 1400588351.27 10,6,10,1,10,3,1 88.24,8.02,89.98,5.28,89.82,4.99,6.39
0000000000f9_0051 1400588102.28 14,6,14,8,13,14 42.28,13.56,17.02,93.22,26.02,17.22
0000000000f9_0093 1400588401.31 13,8,6,10,7,1 19.60,11.18,9.13,94.78,14.07,4.38
0000000000f9_003a 1400588248.66 4,2,2,2,2 18.00,6.59,11.67,10.51,7.21
0000000000f9_0091 1400588001.11 10,10,1,6 90.21,98.47,5.38,5.84
0000000000f9_0092 1400588301.53 10,10,10,1,3 89.29,86.25,92.47,8.72,7.63
0000000000f9_004d 1400588002.37 15,13,13,6,6,2 95.10,103.09,99.95,13.59,22.42,6.47
0000000000f9_0047 1400588401.55 7,11,11,3,3 10.21,90.63,87.39,4.95,7.29
0000000000f9_0093 1400588451.36 13,8,6,10,7,1 19.60,8.45,9.13,94.78,14.07,4.38
0000000000f9_0091 1400588051.12 10,10,1,6 90.21,98.47,5.38,5.84
0000000000f9_0090 1400588401.3 10,6,10,1,10,3,1 88.24,8.02,89.98,5.28,89.82,4.99,4.44
0000000000f9_0050 1400588152.69 7,15,15,7,7 16.49,92.07,93.28,10.72,13.82
0000000000f9_0047 1400588451.56 7,11,11,3,3 10.21,90.63,87.39,5.02,7.29
0000000000f9_0092 1400588351.58 10,10,10,1,3 89.29,86.25,92.47,8.72,7.63
0000000000f9_0091 1400588101.17 10,10,1,6 91.88,100.62,5.38,5.84
0000000000f9_004d 1400588052.39 15,13,13,6,6,2 95.10,103.09,99.95,13.59,22.42,6.47
0000000000f9_0051 1400588152.32 14,6,14,8,13,14 42.28,10.97,17.02,93.22,26.02,22.29
0000000000f9_0093 1400588501.41 13,8,6,10,7,1 13.49,8.45,9.13,85.50,14.07,4.38
0000000000f9_0079 1400588149.81 4 63.34
0000000000f9_0047 1400588501.61 7,11,11,3,3 10.04,90.63,86.31,5.02,7.29
0000000000f9_0090 1400588451.35 10,6,10,1,10,3,1 82.78,8.02,89.98,5.28,89.82,4.99,4.44
0000000000f9_0092 1400588401.64 10,10,10,1,3 89.29,86.25,92.47,8.72,7.63
0000000000f9_0091 1400588151.22 10,10,1,6 91.88,100.62,5.73,5.34
0000000000f9_004d 1400588102.4 15,13,13,6,6,2 95.10,103.09,90.35,6.77,22.42,3.49
0000000000f9_003a 1400588298.73 4,2,2,2,2 18.00,6.59,7.49,10.51,6.85
0000000000f9_0050 1400588202.74 7,15,15,7,7 16.49,92.07,93.28,10.72,13.82
0000000000f9_0092 1400588451.69 10,10,10,1,3 86.97,86.25,92.47,8.72,7.63
0000000000f9_0091 1400588201.23 10,10,1,6 91.88,100.62,5.73,5.34
0000000000f9_0090 1400588501.4 10,6,10,1,10,3,1 82.78,8.02,85.42,4.84,85.65,4.99,4.44
0000000000f9_0051 1400588202.37 14,6,14,8,13,14 42.28,10.97,17.02,93.22,26.02,22.29
0000000000f9_0091 1400588251.27 10,10,1,6 98.04,100.62,5.73,5.34
0000000000f9_004d 1400588152.41 15,13,13,6,6,2 95.10,94.72,90.35,6.77,6.88,3.49
0000000000f9_0092 1400588501.74 10,10,10,1,3 86.97,86.14,91.02,8.72,7.63
0000000000f9_0050 1400588252.75 7,15,15,7,7 16.49,92.07,93.28,10.72,16.37
0000000000f9_0091 1400588301.32 10,10,1,6 98.04,100.62,5.73,5.34
0000000000f9_004d 1400588202.46 15,13,13,6,6,2 95.10,94.72,90.35,6.77,6.88,3.49
0000000000f9_003a 1400588348.79 4,2,2,2,2 18.00,6.59,7.49,10.51,6.85
0000000000f9_004d 1400588252.51 15,13,13,6,6,2 95.10,94.72,90.35,6.77,9.39,3.49
0000000000f9_0091 1400588351.38 10,10,1,6 98.04,100.62,5.73,5.34
0000000000f9_0051 1400588252.42 14,6,14,8,13,14 42.28,10.97,17.02,93.22,26.02,22.58
0000000000f9_0079 1400588199.87 4 63.34
0000000000f9_004d 1400588302.56 15,13,13,6,6,2 93.62,96.09,90.26,7.27,9.39,3.43
0000000000f9_0050 1400588302.81 7,15,15,7,7 16.49,101.94,95.73,15.29,16.37
0000000000f9_0091 1400588401.43 10,10,1,6 86.57,89.96,4.63,5.34
0000000000f9_0091 1400588451.48 10,10,1,6 86.57,89.96,4.63,5.34
0000000000f9_004d 1400588352.59 15,13,13,6,6,2 93.62,96.09,90.26,7.27,9.39,3.43
0000000000f9_0051 1400588302.47 14,6,14,8,13,14 42.28,12.79,21.85,88.36,19.42,22.58
0000000000f9_0091 1400588501.53 10,10,1,6 86.57,89.96,4.63,5.34
0000000000f9_003a 1400588398.86 4,2,2,2,2 18.00,6.59,7.49,8.55,6.85
0000000000f9_0050 1400588352.86 7,15,15,7,7 16.49,101.94,95.73,15.29,16.37
0000000000f9_004d 1400588402.61 15,13,13,6,6,2 93.62,96.09,90.26,7.27,6.71,3.43
0000000000f9_0079 1400588249.93 4 44.13
0000000000f9_004d 1400588452.64 15,13,13,6,6,2 93.62,96.09,90.26,7.27,6.71,3.89
0000000000f9_0050 1400588402.93 7,15,15,7,7 16.49,101.94,95.73,15.29,21.42
0000000000f9_0051 1400588352.52 14,6,14,8,13,14 42.28,12.79,21.85,88.36,19.42,22.58
0000000000f9_004f 1400587909.22
0000000000f9_004d 1400588502.69 15,13,13,6,6,2 90.10,91.55,86.32,7.54,6.71,3.89
0000000000f9_003a 1400588448.93 4,2,2,2,2 18.00,6.59,7.49,8.55,6.85
0000000000f9_0050 1400588452.98 7,15,15,7,7 16.49,101.94,106.56,15.29,21.42
0000000000f9_0051 1400588402.58 14,6,14,8,13,14 42.28,12.79,21.85,88.36,19.42,13.97
0000000000f9_004f 1400587959.27 12,11,5,3,5,10,11 27.51,16.30,85.11,8.72,84.50,17.53,17.91
0000000000f9_004f 1400588009.32 12,11,5,3,5,10,11 27.51,16.30,85.11,8.72,84.50,17.53,17.91
0000000000f9_0079 1400588299.99 4 44.13
0000000000f9_0050 1400588503.03 7,15,15,7,7 16.49,107.09,106.56,11.22,21.42
0000000000f9_003a 1400588499.0 4,2,2,2,2 18.00,6.59,6.92,8.55,6.55
0000000000f9_0051 1400588452.64 14,6,14,8,13,14 42.28,12.79,13.49,88.36,19.42,13.97
0000000000f9_004f 1400588059.34 12,11,5,3,5,10,11 27.51,16.30,85.11,8.72,84.50,17.53,17.91
0000000000f9_004f 1400588109.37 12,11,5,3,5,10,11 27.51,14.70,85.87,12.99,84.50,17.53,15.06
0000000000f9_0051 1400588502.68 14,6,14,8,13,14 42.28,9.21,13.49,87.60,13.70,13.97
0000000000f9_004f 1400588159.42 12,11,5,3,5,10,11 27.51,14.70,85.87,12.99,87.53,17.69,15.06
0000000000f9_0079 1400588350.05 4 44.13
0000000000f9_004f 1400588209.43 12,11,5,3,5,10,11 27.51,14.70,85.87,12.99,87.53,17.69,15.06
0000000000f9_004f 1400588259.48 12,11,5,3,5,10,11 27.51,14.70,85.87,12.99,87.53,17.69,21.13
0000000000f9_004f 1400588309.5 12,11,5,3,5,10,11 27.51,22.58,85.61,14.68,84.22,15.28,21.13
0000000000f9_0079 1400588400.11 4 44.94
0000000000f9_004f 1400588359.55 12,11,5,3,5,10,11 27.51,22.58,85.61,14.68,84.22,15.28,21.13
0000000000f9_004f 1400588409.61 12,11,5,3,5,10,11 27.51,22.58,85.61,14.68,84.22,15.28,16.38
0000000000f9_004f 1400588459.66 12,11,5,3,5,10,11 27.51,28.80,85.61,14.68,84.22,15.28,16.38
0000000000f9_004f 1400588509.71 12,11,5,3,5,10,11 27.51,28.80,84.22,14.71,82.94,10.62,16.38
0000000000f9_0079 1400588450.17 4 44.94
0000000000f9_0079 1400588500.23 4 44.94
0000000000f9_00aa 1400587947.36 4,11,1,1,1,1 81.16,89.91,1.78,2.71,3.37,2.67
0000000000f9_00aa 1400587997.4 4,11,1,1,1,1 81.16,89.91,1.78,2.71,3.37,2.67
0000000000f9_001c 1400587947.49 4,4,3,4,4,4 15.80,11.38,15.70,18.41,15.73,14.93
0000000000f9_00aa 1400588047.44 4,11,1,1,1,1 81.16,89.91,1.78,2.71,3.37,2.67
0000000000f9_00aa 1400588097.49 4,11,1,1,1,1 81.16,89.91,1.78,1.73,3.37,1.87
0000000000f9_00aa 1400588147.54 4,11,1,1,1,1 79.07,84.60,1.78,1.73,3.37,1.87
0000000000f9_001c 1400587997.54 4,4,3,4,4,4 15.80,11.38,15.70,18.41,15.73,14.93
0000000000f9_00aa 1400588197.58 4,11,1,1,1,1 79.07,84.60,1.78,1.73,3.37,1.87
0000000000f9_00aa 1400588247.62 4,11,1,1,1,1 79.07,84.60,1.78,1.73,3.37,1.59
0000000000f9_001c 1400588047.59 4,4,3,4,4,4 15.80,11.38,15.70,18.41,15.73,14.93
0000000000f9_00aa 1400588297.67 4,11,1,1,1,1 77.23,88.64,1.78,1.99,3.37,1.59
0000000000f9_00aa 1400588347.71 4,11,1,1,1,1 77.23,88.64,1.78,1.99,3.37,1.59
0000000000f9_001c 1400588097.59 4,4,3,4,4,4 15.80,11.38,12.85,15.03,12.90,14.93
0000000000f9_00aa 1400588397.76 4,11,1,1,1,1 77.23,88.64,1.78,1.99,3.37,1.30
0000000000f9_00aa 1400588447.8 4,11,1,1,1,1 77.23,88.64,1.78,1.99,3.37,1.30
0000000000f9_001c 1400588147.64 4,3,4,4,4 11.93,12.85,15.03,12.90,12.00
0000000000f9_00aa 1400588497.85 4,11,1,1,1,1 76.06,80.32,1.78,1.78,3.37,1.30
0000000000f9_001c 1400588197.69 4,3,4,4,4 11.93,12.85,15.03,12.90,12.00
0000000000f9_001c 1400588247.73 4,3,4,4,4 13.83,12.85,15.59,12.90,12.00
0000000000f9_001c 1400588297.78 4,3,4,4,4 13.83,20.36,15.59,13.12,12.26
0000000000f9_001c 1400588347.83 4,3,4,4,4 13.83,20.36,15.59,13.12,12.26
0000000000f9_001c 1400588397.88 4,3,4,4,4 15.02,20.36,12.14,13.12,12.26
0000000000f9_001c 1400588447.93 4,3,4,4,4 15.02,12.60,12.14,13.12,12.26
0000000000f9_001c 1400588497.98 4,3,4,4,4 15.02,12.60,12.14,16.09,9.02
0000000000f9_00bc 1400587951.2 4,10,10,4,4,10 78.31,10.03,17.15,78.29,82.63,11.02
0000000000f9_00bc 1400588001.25 4,10,10,4,4,10 78.31,10.03,17.15,78.29,82.63,11.02
0000000000f9_00bc 1400588051.29 4,10,10,4,4,10 78.31,10.03,17.15,78.29,82.63,11.02
0000000000f9_00bc 1400588101.34 4,10,10,4,4,10 78.31,10.03,8.63,99.76,81.77,11.02
0000000000f9_00bc 1400588151.37 4,10,10,4,4,10 78.31,10.03,8.63,99.76,81.77,14.80
0000000000f9_00bc 1400588201.42 4,10,10,4,4,10 78.31,10.03,8.63,99.76,81.77,14.80
0000000000f9_00bc 1400588251.48 4,10,10,4,4,10 78.31,10.03,8.63,99.76,81.77,23.31
0000000000f9_00bc 1400588301.5 4,10,10,4,4,10 78.31,10.03,10.38,94.96,82.06,23.31
0000000000f9_00bc 1400588351.54 4,10,10,4,4,10 78.31,10.03,10.38,94.96,82.06,23.31
0000000000f9_00bc 1400588401.6 4,10,10,4,4,10 78.31,10.03,10.38,94.96,82.06,10.50
0000000000f9_00bc 1400588451.65 4,10,10,4,4,10 78.31,10.03,7.09,94.96,82.06,10.50
0000000000f9_00bc 1400588501.66 4,10,10,4,4,10 78.31,10.03,7.09,81.84,82.13,10.50
0000000000f9_00a7 1400587926.8
0000000000f9_00a7 1400587976.84
0000000000f9_00a7 1400588026.89
0000000000f9_00a7 1400588076.94
0000000000f9_00a7 1400588126.98
0000000000f9_00a7 1400588177.03
0000000000f9_00a7 1400588227.08
0000000000f9_00a7 1400588277.13
0000000000f9_00a7 1400588327.18
0000000000f9_00a7 1400588377.23
0000000000f9_00a7 1400588427.25
0000000000f9_0065 1400587927.06
0000000000f9_00a7 1400588477.29
0000000000f9_0065 1400587977.08
0000000000f9_0065 1400588027.11
0000000000f9_0065 1400588077.16
0000000000f9_0065 1400588127.2
0000000000f9_0065 1400588177.22
0000000000f9_0065 1400588227.27
0000000000f9_0065 1400588277.32
0000000000f9_0065 1400588327.38
0000000000f9_0065 1400588377.43
0000000000f9_0065 1400588427.48
0000000000f9_0065 1400588477.53
0000000000f9_00b0 1400587930.89
0000000000f9_00b0 1400587980.94 9 160.82
0000000000f9_00b0 1400588030.99 9 160.82
0000000000f9_00b0 1400588081.05 9 160.82
0000000000f9_00b0 1400588131.08 9 160.82
0000000000f9_00b0 1400588181.13 9 160.82
0000000000f9_00b0 1400588231.17 9 160.82
0000000000f9_00b0 1400588281.22 9 143.45
0000000000f9_00b0 1400588331.28 9 143.45
0000000000f9_00b0 1400588381.29 9 143.45
0000000000f9_00b0 1400588431.35 9 143.45
0000000000f9_00b0 1400588481.4 9 143.45
0000000000f9_00b0 1400588531.45 9 143.45
0000000000f9_00c6 1400587984.11
0000000000f9_00c6 1400588034.17 10,10,12 737.66,469.61,314.07
0000000000f9_007f 1400595318.34
0000000000f9_007f 1400595368.39
0000000000f9_00c6 1400588084.22 10,10,12 737.66,469.61,314.07
0000000000f9_00c6 1400588134.25 10,10,12 737.66,469.61,314.07
0000000000f9_00c6 1400588184.3 10,10,12 737.66,469.61,314.07
0000000000f9_00c6 1400588234.35
0000000000f9_00c6 1400588284.39
0000000000f9_00c6 1400588334.45 10,12,10,10 968.12,829.94,958.38,922.21
0000000000f9_00c6 1400588384.5 10,12,10,10 968.12,829.94,958.38,922.21
0000000000f9_00c6 1400588434.55 10,12,10,10 968.12,829.94,958.38,922.21
0000000000f9_00c6 1400588484.59 10,10,10 968.12,958.38,922.21
0000000000f9_00c6 1400588534.61 10,12,10,10 1453.55,680.36,1239.67,765.94
0000000000f9_00c6 1400588584.63 10,12,10,10 1453.55,680.36,1239.67,765.94
0000000000f9_00c6 1400588634.68 10,12,10 1453.55,680.36,1239.67
0000000000f9_007f 1400595418.45
0000000000f9_007f 1400595468.47
0000000000f9_007f 1400595518.52
0000000000f9_007f 1400595568.56
0000000000f9_007f 1400595618.62
0000000000f9_007f 1400595668.67
0000000000f9_007f 1400595718.72
0000000000f9_007f 1400595768.77
0000000000f9_007f 1400595818.82
0000000000f9_007f 1400595868.87
