0000000000f9_00a6 1400973683.66
0000000000f9_00a6 1400973744.75
0000000000f9_00a6 1400973965.9 1,1,1,1,1,5 1.20,3.53,6.19,12.45,3.40,15.38
0000000000f9_00aa 1400973683.67
0000000000f9_00a6 1400974208.07 1,1,1,1,1,3 2.19,34.54,17.30,11.57,6.84,40.63
0000000000f9_00a7 1400973683.7
0000000000f9_00aa 1400973837.83 1,1,1 1.96,2.60,3.89
0000000000f9_00a7 1400973981.79 1,1,1,3 4.79,3.17,3.21,731.76
0000000000f9_00a3 1400973683.71
0000000000f9_00a5 1400973683.64
0000000000f9_00a4 1400973683.51
0000000000f9_00a5 1400973873.77 1,3 2.23,736.58
0000000000f9_0057 1400973683.88
0000000000f9_0068 1400973683.87
0000000000f9_00a5 1400973967.93 1,13,1,3 39.68,145.51,134.34,162.59
0000000000f9_0065 1400973683.86
0000000000f9_008c 1400973683.79
0000000000f9_0068 1400973813.11
0000000000f9_00a5 1400974106.1 1,1,5 21.43,4.00,84.71
0000000000f9_00a3 1400973870.89 1,1 25.93,38.34
0000000000f9_0055 1400973683.89
0000000000f9_0052 1400973684.18
0000000000f9_00a4 1400973924.63 1,1,2,1,1,3 3.84,2.24,4.81,3.61,2.36,722.07
0000000000f9_0065 1400973828.01 11 89.04
0000000000f9_008c 1400973957.13 3 53.66
0000000000f9_00aa 1400973968.0 1,1,1,1,1,6 3.72,3.34,214.38,6.48,4.36,85.37
0000000000f9_0052 1400973754.4
0000000000f9_0058 1400973683.92
0000000000f9_0034 1400973683.93
0000000000f9_0082 1400973683.94
0000000000f9_0052 1400973834.83
0000000000f9_0068 1400974059.35 3,3,5,1 89.69,12.92,16.25,5.81
0000000000f9_00a3 1400974097.01 1,2,1,1,3 51.06,6.48,3.29,9.55,65.92
0000000000f9_00a4 1400974169.87 1,1,2,1,1,5 48.69,158.67,136.82,11.32,13.90,82.73
0000000000f9_00aa 1400974242.19 1,1,1,1,1,5 20.29,40.21,13.88,3.67,6.10,90.05
0000000000f9_003f 1400973685.34
0000000000f9_008c 1400974200.52 3,4,4,2 32.22,10.12,8.36,2265.73
0000000000f9_0055 1400973923.11 1,1,2,1,13,1,6 7.05,4.56,4.83,4.29,148.43,7.02,85.23
0000000000f9_0066 1400973683.96
0000000000f9_0082 1400973824.37 2 175.77
0000000000f9_0034 1400973789.22 4 39.60
0000000000f9_00aa 1400974360.38 1,1,1,1,1,5 21.88,10.66,9.68,9.73,5.96,82.13
0000000000f9_003f 1400973855.72 4 144.95
0000000000f9_00a3 1400974239.19 1,2,1,1,5 4.16,83.43,3.32,9.92,82.20
0000000000f9_0066 1400973861.33
0000000000f9_0076 1400973683.84
0000000000f9_00a5 1400974303.29 1,1,5 8.30,3.62,83.09
0000000000f9_00a8 1400973683.61
0000000000f9_00ab 1400973683.68
0000000000f9_0057 1400973893.04 10,13,6 30.33,141.07,85.29
0000000000f9_008c 1400974399.88 3,4,4 66.36,8.69,63.95
0000000000f9_0034 1400973948.54 4,1 35.25,20.74
0000000000f9_00a8 1400973829.76
0000000000f9_00a9 1400973683.65
0000000000f9_0055 1400974111.49 1,1,2,1,1,5 32.31,31.37,44.66,60.16,7.43,171.81
0000000000f9_00a8 1400973899.89 3,1 124.10,3.61
0000000000f9_0096 1400973685.06
0000000000f9_00a4 1400974424.03 1,1,11,1,13,1,5 5.70,2.08,135.47,2.21,128.60,4.05,82.72
0000000000f9_00a9 1400973818.78
0000000000f9_00a8 1400974171.05 5,1 81.89,3.35
0000000000f9_0096 1400973838.47
0000000000f9_00ab 1400973914.8 1,1,1,3 2.07,1.65,3.38,92.02
0000000000f9_0057 1400973978.28 1,1,1,6 4.09,103.57,22.08,149.80
0000000000f9_00a8 1400974469.23 5,6,1 85.36,90.87,4.51
0000000000f9_0076 1400973962.08 1,1,1,1 3.49,4.60,30.97,5.71
0000000000f9_00a4 1400974494.16 1,1,2,1,13,1,5 5.70,315.46,27.73,3.46,523.67,3.68,81.97
0000000000f9_0068 1400974243.9 3,3,5,1 144.64,501.26,191.19,84.57
0000000000f9_00ab 1400974098.9 1,1,1,5 15.82,151.09,16.67,84.81
0000000000f9_0096 1400974060.89 4,4,2 43.12,9.52,547.07
0000000000f9_001c 1400973684.22
0000000000f9_0052 1400974099.1 4,4,4,7 9.25,21.64,19.49,83.76
0000000000f9_00a3 1400974378.3 1,2,1,13,1,5 52.23,161.10,163.88,123.55,5.88,81.72
0000000000f9_001c 1400973867.65
0000000000f9_0068 1400974476.29 3,5,1 114.99,120.03,16.36
0000000000f9_0066 1400974087.71 6,5,3,1 88.92,154.34,58.75,48.18
0000000000f9_0096 1400974223.57 4,4 97.65,211.00
0000000000f9_0058 1400973840.15 11 95.69
0000000000f9_00a5 1400974510.44 1,13,1,6 5.46,148.40,4.00,83.95
0000000000f9_00a3 1400974575.43 1,11,1,13,1,6 10.33,100.27,3.25,134.36,1.98,85.46
0000000000f9_00a9 1400974117.9 5,13 81.03,136.77
0000000000f9_0065 1400974089.64 10,1,1,5 48.43,80.47,189.13,186.17
0000000000f9_0052 1400974174.62 4,4,4,7 816.52,12.52,48.68,177.09
0000000000f9_003a 1400973684.84
0000000000f9_001c 1400974094.92 7,7 11.12,29.84
0000000000f9_0034 1400974178.93 4,1,1,5 414.13,58.07,26.65,106.48
0000000000f9_0076 1400974040.36 1,1,1,1,6 36.12,637.44,16.95,6.83,90.91
0000000000f9_00a9 1400974315.07 5,1 82.17,4.55
0000000000f9_0096 1400974484.11 4,4 265.91,37.91
0000000000f9_0055 1400974299.93 1,1,2,1,1,5 543.54,644.50,750.32,33.49,7.44,139.59
0000000000f9_0066 1400974237.22 6,5,3,1 87.10,202.03,136.81,128.18
0000000000f9_00a9 1400974556.21 3,6,1 55.63,82.50,186.55
0000000000f9_001c 1400974356.31 7,7 17.68,32.27
0000000000f9_0058 1400974119.48 1,1,1,5 3.24,4.63,45.16,114.38
0000000000f9_007f 1400980989.82
0000000000f9_00ab 1400974250.06 1,1,1,5 37.52,139.78,3.63,83.05
0000000000f9_0052 1400974370.05 4,4,4,7 687.82,11.44,14.87,90.47
0000000000f9_0096 1400974578.77 4,4 117.01,83.75
0000000000f9_0057 1400974245.46 1,1,1,5 7.25,4.28,409.22,84.19
0000000000f9_007f 1400981272.12
0000000000f9_0034 1400974300.56 4,1,1,5 607.95,166.45,85.63,245.09
0000000000f9_0065 1400974250.25 10,1,1,1,6 111.94,173.12,1581.11,100.75,304.32
0000000000f9_00ab 1400974317.19 1,1,1,5 43.39,13.14,3.42,85.62
0000000000f9_001c 1400974450.81 7,7 104.71,80.13
0000000000f9_0007 1400973683.65
0000000000f9_00c6 1400973684.96
0000000000f9_0066 1400974393.7 6,5,3,1 87.00,121.31,59.58,26.10
0000000000f9_007f 1400981434.33
0000000000f9_003a 1400973849.66 4 244.44
0000000000f9_0076 1400974121.06 1,1,1,1,5 157.32,187.80,63.41,198.47,310.09
0000000000f9_0058 1400974189.85 1,1,1,5 560.38,40.11,34.78,106.33
0000000000f9_00ab 1400974514.38 1,1,13,1,5 5.11,1.66,94.63,3.55,82.08
0000000000f9_0052 1400974583.4 4,4,4,7 8.83,12.98,651.51,97.92
0000000000f9_0007 1400973925.82 7,4 84.37,5.13
0000000000f9_007f 1400981557.62
0000000000f9_001c 1400974513.18 7,7 81.81,71.52
0000000000f9_0057 1400974443.92 1,1,1,5 6.92,485.09,5.89,140.84
0000000000f9_00d1 1400973745.66
0000000000f9_00c6 1400973870.23
0000000000f9_0034 1400974370.04 4,1,1,5 628.56,8.25,8.41,111.56
0000000000f9_0007 1400974018.13 7,4 88.62,22.20
0000000000f9_00d1 1400973841.79
0000000000f9_0065 1400974390.8 10,1,1,1,5 23.50,72.78,807.85,10.15,132.08
0000000000f9_007f 1400981766.94
0000000000f9_00d1 1400973971.92
0000000000f9_00d1 1400974142.08
0000000000f9_0066 1400974459.14 6,5,3,1 284.12,147.32,51.29,50.33
0000000000f9_0082 1400974102.73 11,2,2,2,6 93.56,93.15,46.40,12.50,83.56
0000000000f9_00d1 1400974312.15
0000000000f9_0058 1400974390.38 1,1,1,5 5.22,7.55,8.35,139.56
0000000000f9_00d1 1400974443.3
0000000000f9_0007 1400974260.41 12,7,4 99.94,85.14,10.00
0000000000f9_00d1 1400974626.46
0000000000f9_00d1 1400974826.62
0000000000f9_0076 1400974216.65 1,1,1,1,5 17.16,116.82,122.57,91.36,193.79
0000000000f9_0057 1400974523.17 10,1,1,5 33.14,11.69,31.77,85.16
0000000000f9_00d1 1400974933.78
0000000000f9_00d1 1400975127.94
0000000000f9_0007 1400974493.79 20,7,4 236.11,112.62,14.96
0000000000f9_00d1 1400975195.07
0000000000f9_0065 1400974507.23 10,1,1,1,5 26.76,705.30,704.92,41.54,94.86
0000000000f9_00d1 1400975312.23
0000000000f9_0082 1400974348.09 11,2,2,2,5 93.56,5.40,24.83,9.27,109.87
0000000000f9_00d1 1400975514.41
0000000000f9_00d1 1400975798.56
0000000000f9_0083 1400973685.68
0000000000f9_003a 1400974020.88 13,2,3 491.47,794.65,805.28
0000000000f9_00d1 1400975993.71
0000000000f9_0083 1400973949.87
0000000000f9_0083 1400974173.12
0000000000f9_0055 1400974456.39 1,1,11,1,13,1,5 3.29,668.64,175.14,756.88,139.85,8.47,132.70
0000000000f9_0083 1400974250.39
0000000000f9_0083 1400974545.71
0000000000f9_00c6 1400974159.52 10,10,10,10,10 72.99,32.19,55.28,38.98,108.24
0000000000f9_0076 1400974288.12 1,1,1,1,5 43.85,123.63,7.26,8.83,186.52
0000000000f9_0082 1400974477.48 11,2,2,13,2,5 1125.21,329.61,57.28,1121.97,8.44,107.91
0000000000f9_00c6 1400974397.95 10,10,10,10 36.92,212.02,237.77,33.77
0000000000f9_00ca 1400973686.47
0000000000f9_00ca 1400973806.55
0000000000f9_00ca 1400974018.7
0000000000f9_00ca 1400974285.85
0000000000f9_00ca 1400974513.0
0000000000f9_0076 1400974483.66 1,1,1,13,1,5 69.89,72.97,723.08,185.38,9.88,195.13
0000000000f9_00c6 1400974551.3 10,10,10,10,10 54.85,435.86,300.11,48.10,20.15
0000000000f9_003a 1400974225.26 4,13,2,2,6 136.69,2198.13,14.81,343.08,349.83
0000000000f9_00b5 1400973686.98
0000000000f9_003a 1400974525.78 4,2,2,5 406.60,5.68,454.12,491.85
0000000000f9_00b5 1400973863.31
0000000000f9_0088 1400973687.3
0000000000f9_00b5 1400973998.55
0000000000f9_0088 1400973810.5
0000000000f9_00bc 1400973687.2
0000000000f9_00b5 1400974144.81
0000000000f9_00b5 1400974405.26
0000000000f9_0090 1400973687.68
0000000000f9_00b5 1400974468.56
0000000000f9_0093 1400973687.53
0000000000f9_0091 1400973687.68
0000000000f9_0092 1400973687.69
0000000000f9_0090 1400973791.92 10 95.89
0000000000f9_00bc 1400973882.34 4,3,4 81.91,3.62,83.28
0000000000f9_0092 1400973815.96
0000000000f9_0093 1400973874.77 6 38.78
0000000000f9_0091 1400973834.92 10 96.57
0000000000f9_00bf 1400973687.72
0000000000f9_00bf 1400973949.85 13 102.93
0000000000f9_0047 1400973694.83
0000000000f9_0090 1400974088.19 7 14.62
0000000000f9_0088 1400973900.92 6,12 62.52,106.45
0000000000f9_0093 1400974109.05 6,7 31.77,6.27
0000000000f9_0091 1400973977.2 10,6 20.42,56.50
0000000000f9_0092 1400973911.22 10,6,7 93.30,56.52,12.60
0000000000f9_0047 1400973864.0
0000000000f9_0089 1400973687.86
0000000000f9_00bc 1400974016.51 4,5,12 318.85,58.27,49.32
0000000000f9_0093 1400974282.47 6,10 80.78,63.34
0000000000f9_0092 1400974019.71 6,9 80.71,114.20
0000000000f9_0090 1400974377.52 10,10,10,6,10 93.26,86.83,103.19,29.56,21.69
0000000000f9_0088 1400974136.23 3,5,12 29.77,7.32,478.98
0000000000f9_0089 1400973898.46
0000000000f9_0047 1400973985.45 11,13,11,6 57.50,211.47,73.38,37.58
0000000000f9_0091 1400974066.47 9,6 10.10,62.77
0000000000f9_0051 1400973687.98
0000000000f9_0092 1400974258.1 6,9 39.74,58.88
0000000000f9_0088 1400974355.55 6,5,4 25.46,274.11,88.11
0000000000f9_0090 1400974479.74 10,6,9 93.26,116.73,92.69
0000000000f9_0093 1400974404.93 6,9 70.05,107.33
0000000000f9_0091 1400974261.83 10,7,6 11.54,9.74,63.74
0000000000f9_0051 1400973848.56
0000000000f9_0047 1400974075.86 11,13,11,6 57.50,538.82,15.53,63.61
0000000000f9_00bf 1400974130.9 12 75.34
0000000000f9_00bc 1400974131.77 4,3,12 246.14,34.49,235.92
0000000000f9_00bf 1400974274.04 13 52.61
0000000000f9_0092 1400974432.68 10,10,10,10 95.08,127.20,310.81,73.91
0000000000f9_00bf 1400974341.14 13 44.09
0000000000f9_0093 1400974473.31 6,9 36.87,8.26
0000000000f9_00bf 1400974517.28 13,13,13 126.82,138.64,58.67
0000000000f9_0091 1400974535.1 9,7,10 9.53,27.42,152.21
0000000000f9_0092 1400974554.1 9 63.67
0000000000f9_0047 1400974343.18 11,13,11,11 25.04,516.29,8.70,94.04
0000000000f9_00bc 1400974230.94 4,4,4 80.85,42.96,82.59
0000000000f9_0047 1400974459.56 11,13,11,11 86.64,870.85,31.43,91.89
0000000000f9_0051 1400973993.26 5,6,9,16 89.83,12.71,86.36,193.35
0000000000f9_0047 1400974581.99 11 34.67
0000000000f9_0089 1400974102.04 9,5,6 104.06,14.24,90.43
0000000000f9_00bc 1400974409.15 4,3,4 322.35,4.28,82.15
0000000000f9_0051 1400974216.17 5,6,9,16 22.29,182.24,229.56,201.05
0000000000f9_00bc 1400974568.36 4,4,4 296.25,55.14,88.37
0000000000f9_0050 1400973688.94
0000000000f9_0051 1400974290.28 5,6,9,8 1526.73,627.95,734.47,747.71
0000000000f9_0050 1400973843.37 15,15 105.51,107.28
0000000000f9_0089 1400974169.82 9,6,6 1577.16,134.04,253.58
0000000000f9_0051 1400974487.1 5,6,9,8 45.00,16.42,73.22,89.49
0000000000f9_0089 1400974373.71 5,6 192.62,88.19
0000000000f9_0050 1400974041.26 15,15,5,12 117.92,96.74,128.81,302.83
0000000000f9_0089 1400974551.61 5,6 146.41,252.57
0000000000f9_0050 1400974206.1 15,15,5,12 1336.65,702.81,152.55,212.61
0000000000f9_0050 1400974306.9 15,15,5,15,12 1629.65,1430.03,173.12,134.26,208.74
0000000000f9_004f 1400973690.38
0000000000f9_004f 1400973952.61
0000000000f9_004f 1400974133.9 5,3,6,5 11.01,14.10,535.48,90.46
0000000000f9_004f 1400974233.24 5,3,6,5 216.98,430.49,410.38,89.80
0000000000f9_004f 1400974305.61 5,3,6,5 50.09,8.28,740.08,90.97
0000000000f9_004d 1400973779.77
0000000000f9_004d 1400973881.02
0000000000f9_004d 1400974145.42 2 79.20
0000000000f9_004d 1400974417.76 13,2 54.28,412.94
0000000000f9_00a6 1400974430.24 1,1,1,1,13,1,6 1.89,9.45,197.87,215.27,142.66,3.98,88.09
0000000000f9_00a7 1400974153.9 1,1,1,5 71.95,6.76,176.46,82.82
0000000000f9_00a7 1400974303.07 1,1,1,5 11.10,154.54,3.29,107.73
0000000000f9_00a7 1400974373.22 1,1,1,5 3.80,226.48,4.37,81.63
0000000000f9_00a7 1400974505.57 1,1,1,5 9.20,152.24,22.28,83.61
0000000000f9_003f 1400974111.99 4,11,10,2,4 13.69,93.76,92.28,27.27,13.55
0000000000f9_003f 1400974192.33 4,11,10,2,4 506.99,211.57,98.87,555.15,38.46
0000000000f9_003f 1400974435.64 11,10,4 100.58,95.91,120.81
0000000000f9_003f 1400974563.11 4,11,10,4 114.34,95.70,143.01,58.02
0000000000f9_0048 1400973744.74
0000000000f9_0048 1400973841.03 11 46.31
0000000000f9_0048 1400973902.32 11,7 31.82,75.23
0000000000f9_0048 1400974118.72 11,18,7 37.03,26.97,39.16
0000000000f9_0048 1400974349.19 11,17,7 48.62,90.17,109.33
