0000000000f9_0093 1400822959.11
0000000000f9_0093 1400823112.34
0000000000f9_0092 1400824206.18
0000000000f9_0093 1400823332.6
0000000000f9_0092 1400824272.38
0000000000f9_0093 1400823552.87
0000000000f9_0047 1400820186.23
0000000000f9_0092 1400824398.72
0000000000f9_0093 1400823646.18
0000000000f9_0092 1400824638.95
0000000000f9_0093 1400823824.46
0000000000f9_0092 1400824865.28
0000000000f9_0093 1400824014.72
0000000000f9_0047 1400820236.27 11,9,3,3,14 87.46,12.35,5.67,7.25,19.01
0000000000f9_0092 1400824973.57
0000000000f9_0093 1400824225.01
0000000000f9_0093 1400824485.27
0000000000f9_0092 1400825260.85
0000000000f9_0047 1400820286.32 11,9,3,3,14 87.46,12.35,5.67,7.25,19.01
0000000000f9_0093 1400824656.67
0000000000f9_0092 1400825431.2
0000000000f9_0093 1400824828.95
0000000000f9_0092 1400825590.5
0000000000f9_0093 1400825082.27
0000000000f9_0092 1400825776.83
0000000000f9_0047 1400820336.35 11,9,3,3,14 87.46,12.35,5.67,7.25,19.01
0000000000f9_0093 1400825353.56
0000000000f9_0092 1400825928.08
0000000000f9_0050 1400824159.66
0000000000f9_0093 1400825576.77
0000000000f9_0092 1400826141.43
0000000000f9_0093 1400825655.07
0000000000f9_0047 1400820386.39 11,9,3,3,14 87.46,12.58,5.67,5.00,14.08
0000000000f9_0092 1400826245.69
0000000000f9_0050 1400824413.09
0000000000f9_0093 1400825735.37
0000000000f9_0092 1400826535.06
0000000000f9_0093 1400825815.69
0000000000f9_0047 1400820436.42 9,3,3,14 12.58,5.67,5.00,14.08
0000000000f9_0050 1400824539.94
0000000000f9_0093 1400825926.08
0000000000f9_0093 1400826093.47
0000000000f9_0050 1400824740.84
0000000000f9_0047 1400820486.46 9,3,3,14 12.58,5.67,5.00,14.08
0000000000f9_0093 1400826327.75
0000000000f9_0050 1400824948.52
0000000000f9_0047 1400820536.5 9,3,3,6 12.58,5.67,5.00,6.05
0000000000f9_0050 1400825019.15
0000000000f9_0047 1400820586.53 9,3,3,6 9.22,5.67,4.98,6.05
0000000000f9_0050 1400825166.78
0000000000f9_0047 1400820636.56 9,3,3,6 9.22,5.67,4.98,6.05
0000000000f9_0050 1400825238.45
0000000000f9_0050 1400825532.48
0000000000f9_0047 1400820686.61 9,3,3,6 9.22,5.67,4.98,55.74
0000000000f9_0050 1400825599.19
0000000000f9_0047 1400820736.66 9,3,3,6 8.45,5.67,4.98,55.74
0000000000f9_0050 1400825749.89
0000000000f9_0047 1400820786.68 9,3,3,6 8.45,5.67,4.91,55.74
0000000000f9_0050 1400825839.5
0000000000f9_0047 1400820836.7 9,3,3,6 8.45,5.67,4.91,8.72
0000000000f9_0050 1400826009.24
0000000000f9_0047 1400820886.71 9,3,3,6 8.45,5.67,4.91,8.72
0000000000f9_0050 1400826294.87
0000000000f9_0047 1400820936.75 9,3,3,6 15.69,5.67,5.36,8.72
0000000000f9_0047 1400820986.78 9,3,3,6 15.69,5.67,5.36,37.53
0000000000f9_0047 1400821036.82 9,3,3,6 15.69,5.67,5.36,37.53
0000000000f9_0047 1400821086.84 9,3,3,6 15.69,5.67,5.36,37.53
0000000000f9_0047 1400821136.89 11,9,3,3,6 87.89,7.60,5.67,5.29,37.42
0000000000f9_0047 1400821186.93 11,9,3,3,6 87.89,7.60,5.67,5.29,37.42
0000000000f9_0047 1400821236.97 11,9,3,3,6 87.89,7.60,5.67,5.29,37.42
0000000000f9_004d 1400820188.54
0000000000f9_0047 1400821287.02 11,9,3,3,6 87.23,7.40,5.67,5.29,51.21
0000000000f9_004d 1400820238.6 13,5,2,13,6 93.77,17.99,13.29,124.44,37.45
0000000000f9_0047 1400821337.04 11,9,3,3,6 87.23,7.40,5.67,4.95,51.21
0000000000f9_004d 1400820288.63 13,5,2,13,6 93.77,17.99,13.29,124.44,37.45
0000000000f9_0047 1400821387.06 11,9,3,3,6 87.23,7.40,5.67,4.95,51.21
0000000000f9_004d 1400820338.68 13,5,2,13,6 93.77,17.99,13.29,124.44,37.45
0000000000f9_0047 1400821437.1 11,9,3,3,6 87.23,7.40,5.67,4.95,46.75
0000000000f9_004d 1400820388.73 13,5,2,13,6 93.77,13.14,3.31,124.44,37.45
0000000000f9_0047 1400821487.15 11,9,3,3,6 87.23,8.67,5.67,5.30,46.75
0000000000f9_0047 1400821537.19 11,9,3,3,6 87.23,8.67,5.67,5.30,46.75
0000000000f9_004d 1400820438.78 13,5,2,13,6 93.77,13.14,3.31,111.34,43.79
0000000000f9_0047 1400821587.24 11,9,3,3,6 87.23,8.67,5.67,5.30,41.01
0000000000f9_004d 1400820488.83 13,5,2,13,6 93.77,13.14,3.31,111.34,43.79
0000000000f9_004d 1400820538.88 13,5,2,6 93.77,13.14,3.31,43.79
0000000000f9_0047 1400821637.27 11,9,3,3,6 87.23,8.67,5.67,5.30,41.01
0000000000f9_0047 1400821687.3 11,9,3,3,6 87.23,7.35,5.67,5.25,41.01
0000000000f9_004d 1400820588.92 13,5,2,13,6 120.71,12.16,3.31,107.05,43.79
0000000000f9_0047 1400821737.35 11,9,3,3,6 87.23,7.35,5.67,5.25,9.76
0000000000f9_004d 1400820638.98 13,5,2,13,6 120.71,12.16,3.31,107.05,43.79
0000000000f9_0047 1400821787.38 11,9,3,3,6 87.23,7.35,5.67,5.25,9.76
0000000000f9_004d 1400820688.99 13,5,2,13,6 120.71,12.16,3.31,107.05,46.94
0000000000f9_0047 1400821837.4 11,9,3,3,6 87.23,7.61,5.67,4.91,9.76
0000000000f9_004d 1400820739.03 13,5,2,13,6 120.71,12.16,3.31,107.05,46.94
0000000000f9_0047 1400821887.41 11,9,3,3,6 87.23,7.61,5.67,4.91,7.83
0000000000f9_004d 1400820789.08 13,5,2,6 124.93,11.25,3.31,46.94
0000000000f9_004d 1400820839.13 13,5,2,6 124.93,11.25,5.51,46.94
0000000000f9_0047 1400821937.46 11,9,3,3,6 87.23,7.61,5.67,4.91,7.83
0000000000f9_0047 1400821987.51 11,9,3,3,6 87.23,7.61,5.67,4.91,7.83
0000000000f9_004d 1400820889.18 13,5,2,6 124.93,11.25,5.51,46.94
0000000000f9_0047 1400822037.55 11,9,3,3,6 87.23,8.13,5.67,4.85,10.54
0000000000f9_004d 1400820939.23 5,2,6 11.25,5.51,46.94
0000000000f9_004d 1400820989.28 13,5,2,13,6 141.56,14.27,3.00,135.48,42.63
0000000000f9_0047 1400822087.6 11,9,3,3,6 87.23,8.13,5.67,4.85,10.54
0000000000f9_004d 1400821039.33 13,5,2,13,6 141.56,14.27,3.00,135.48,42.63
0000000000f9_0047 1400822137.65 11,9,3,3,6 87.23,8.13,5.67,4.85,10.54
0000000000f9_0047 1400822187.67 11,9,3,3,6 87.23,8.13,5.67,4.85,7.77
0000000000f9_004d 1400821089.38 13,5,2,13,6 141.56,14.27,3.00,135.48,42.63
0000000000f9_004d 1400821139.43 13,5,2,13,6 113.55,18.06,3.00,118.37,42.63
0000000000f9_0047 1400822237.68 11,9,3,3,6 87.23,7.70,5.67,5.00,7.77
0000000000f9_0047 1400822287.72 11,9,3,3,6 87.23,7.70,5.67,5.00,7.77
0000000000f9_004d 1400821189.48 13,5,2,13,6 113.55,18.06,3.00,118.37,41.11
0000000000f9_0047 1400822337.73 11,9,3,3,6 87.23,7.70,5.67,5.00,54.24
0000000000f9_004d 1400821239.53 13,5,2,13,6 113.55,18.06,3.00,118.37,41.11
0000000000f9_0047 1400822387.78 11,9,3,3,6 88.04,7.03,5.67,5.05,54.24
0000000000f9_004d 1400821289.58 13,5,2,13,6 113.55,18.06,3.20,122.43,41.11
0000000000f9_0047 1400822437.83 11,9,3,3,6 88.04,7.03,5.67,5.05,54.24
0000000000f9_004d 1400821339.62 13,5,2,13,6 125.06,13.85,3.20,122.43,41.11
0000000000f9_004d 1400821389.65 13,5,2,13,6 125.06,13.85,3.20,122.43,43.77
0000000000f9_0047 1400822487.88 11,9,3,3,6 88.04,7.03,5.67,5.05,8.54
0000000000f9_004d 1400821439.68 13,5,2,13,6 125.06,13.85,3.20,126.38,43.77
0000000000f9_0047 1400822537.9 11,9,3,3,6 88.04,7.03,5.67,5.05,8.54
0000000000f9_004d 1400821489.73 13,5,2,13,6 125.06,12.82,3.15,126.38,43.77
0000000000f9_004d 1400821539.78 13,5,2,13,6 115.19,12.82,3.15,126.38,43.51
0000000000f9_004d 1400821589.83 13,5,2,13,6 115.19,12.82,3.15,93.14,43.51
0000000000f9_004d 1400821639.88 13,5,2,13,6 115.19,12.82,3.53,93.14,43.51
0000000000f9_004d 1400821689.93 13,5,2,13,6 114.35,11.21,3.53,93.14,43.51
0000000000f9_004d 1400821739.98 13,5,2,13,6 114.35,11.21,3.53,95.33,50.14
0000000000f9_004d 1400821790.03 13,5,2,13,6 114.35,11.21,3.53,95.33,50.14
0000000000f9_004d 1400821840.08 13,5,2,13,6 114.35,11.21,3.66,95.33,50.14
0000000000f9_004d 1400821890.13 13,5,2,13,6 118.42,13.96,3.66,122.46,38.79
0000000000f9_004d 1400821940.18 13,5,2,13,6 118.42,13.96,3.66,122.46,38.79
0000000000f9_004d 1400821990.23 13,5,2,13,6 118.42,13.96,3.66,122.46,38.79
0000000000f9_004d 1400822040.28 13,5,2,13,6 122.94,13.61,3.23,107.03,38.79
0000000000f9_004d 1400822090.33 13,5,2,13,6 122.94,13.61,3.23,107.03,48.93
0000000000f9_004d 1400822140.38 13,5,2,13,6 122.94,13.61,3.23,107.03,48.93
0000000000f9_004d 1400822190.43 13,5,2,13,6 122.94,13.61,3.41,94.42,48.93
0000000000f9_004d 1400822240.48 13,5,2,13,6 108.83,15.34,3.41,94.42,48.93
0000000000f9_004d 1400822290.53 13,5,2,13,6 108.83,15.34,3.41,94.42,65.32
0000000000f9_004d 1400822340.58 13,5,2,13,6 108.83,15.34,3.41,122.92,65.32
0000000000f9_004d 1400822390.63 13,5,2,13,6 108.83,13.51,3.13,122.92,65.32
0000000000f9_004d 1400822440.68 13,5,2,13,6 122.09,13.51,3.13,122.92,65.09
0000000000f9_004d 1400822490.73 13,5,2,13,6 122.09,13.51,3.13,96.47,65.09
0000000000f9_004d 1400822540.78 13,5,2,13,6 122.09,13.51,3.50,96.47,65.09
