0000000000f9_0058 1400870939.04
0000000000f9_0057 1400870939.09
0000000000f9_0034 1400870939.16
0000000000f9_0068 1400870939.15
0000000000f9_0057 1400871163.27 13,1 139.42,4.61
0000000000f9_0034 1400871132.38 4 11.36
0000000000f9_0065 1400870939.24
0000000000f9_0052 1400870940.05
0000000000f9_0068 1400871057.38 4 21.04
0000000000f9_0066 1400870939.17
0000000000f9_0057 1400871335.52 5,13,1 177.33,522.21,7.52
0000000000f9_0034 1400871358.62 4,1,13 127.05,18.45,522.15
0000000000f9_0055 1400870939.76
0000000000f9_0068 1400871211.8 4,1,13 9.70,55.21,140.12
0000000000f9_0052 1400871118.46 4 102.35
0000000000f9_0057 1400871516.76 5,13,1 246.75,141.54,7.15
0000000000f9_0076 1400870939.47
0000000000f9_0034 1400871556.91 1,1,13 6.30,17.67,85.49
0000000000f9_0065 1400871110.58 1,4,1 4.24,54.29,47.81
0000000000f9_0068 1400871496.1 1,1,1,13 24.02,5.05,6.22,254.59
0000000000f9_0052 1400871238.06 4,4,4,15 472.73,16.89,40.44,168.16
0000000000f9_0082 1400870939.13
0000000000f9_0057 1400871676.11 5,13,1 105.39,116.21,69.62
0000000000f9_0034 1400871652.45 4,1,5 115.63,59.21,233.38
0000000000f9_0058 1400871020.51 13 161.68
0000000000f9_0052 1400871356.63 4,4,4,15 1123.11,78.91,29.70,180.93
0000000000f9_0068 1400871686.52 1,1,1,5 48.85,5.81,5.46,102.49
0000000000f9_007f 1400878242.55
0000000000f9_0057 1400871845.46 5,13,1 106.36,127.62,45.24
0000000000f9_0034 1400871761.79 1,1,13 6.34,33.84,480.68
0000000000f9_0058 1400871117.78 13 904.93
0000000000f9_007f 1400878343.77
0000000000f9_0065 1400871391.15 1,4,1,1,5 766.85,137.38,887.51,32.62,169.98
0000000000f9_0052 1400871476.11 4,4,4,7 27.80,11.35,40.79,107.18
0000000000f9_0068 1400871967.03 1,1,1,5 5.91,68.01,29.60,148.60
0000000000f9_007f 1400878545.02
0000000000f9_003a 1400870941.54
0000000000f9_0057 1400871939.74 5,13,1 90.93,662.39,5.68
0000000000f9_0034 1400871991.03 1,1,5 6.11,4.16,85.24
0000000000f9_007f 1400878681.34
0000000000f9_0058 1400871246.08 2,5,1 42.25,84.93,7.78
0000000000f9_008c 1400870938.61
0000000000f9_0052 1400871703.89 4,4,4,15 133.78,301.38,385.91,491.89
0000000000f9_0068 1400872118.49 1,1,1,5 5.28,790.12,39.34,106.89
0000000000f9_007f 1400878967.62
0000000000f9_007f 1400879058.93
0000000000f9_0057 1400872194.11 5,13,1 125.85,108.04,41.06
0000000000f9_0034 1400872098.62 1,1,5 183.90,144.88,248.21
0000000000f9_0055 1400871222.49 8,1,1,13 94.57,4.24,7.66,220.68
0000000000f9_0065 1400871651.78 1,4,1,1,1,5 4.09,8.63,803.04,154.31,111.23,234.32
0000000000f9_007f 1400879184.25
0000000000f9_0058 1400871523.52 2,5,13,1 19.28,114.27,154.47,53.98
0000000000f9_0052 1400871982.51 4,4,4,7 36.59,46.98,33.80,240.09
0000000000f9_001c 1400870940.51
0000000000f9_0076 1400870999.79 11 108.43
0000000000f9_007f 1400879259.53
0000000000f9_008c 1400871222.01 4,4,4,4 6.13,11.47,7.52,77.13
0000000000f9_0068 1400872355.8 1,1,1,13 47.72,776.59,6.12,633.99
0000000000f9_0057 1400872383.42 5,13,1 85.79,105.10,4.94
0000000000f9_0034 1400872166.06 1,1,5 6.14,552.14,120.86
0000000000f9_007f 1400879429.87
0000000000f9_0055 1400871499.92 8,1,1,5 1487.66,5.14,72.04,116.39
0000000000f9_0052 1400872190.81 4,4,4,15 20.63,12.29,704.21,712.35
0000000000f9_0058 1400871792.83 13,5,13,1 291.04,172.90,725.90,8.03
0000000000f9_007f 1400879537.25
0000000000f9_0057 1400872443.7 5,1 91.02,5.47
0000000000f9_008c 1400871340.26 4,4,4,4 45.49,61.85,1669.32,18.76
0000000000f9_0096 1400870939.44
0000000000f9_0034 1400872462.54 1,1,5 43.39,511.27,96.47
0000000000f9_0068 1400872522.39 1,1,1,5 16.38,10.45,84.84,220.48
0000000000f9_0065 1400871742.48 1,4,1,1,1,13 875.27,8.63,690.86,889.30,8.99,727.27
0000000000f9_0076 1400871220.57 11,1,13 214.59,148.28,312.70
0000000000f9_0052 1400872341.33 4,4,4,7 54.08,147.84,124.72,216.81
0000000000f9_0096 1400871202.75 4 33.10
0000000000f9_007f 1400879758.52
0000000000f9_0058 1400872012.15 2,5,13,1 54.23,87.13,704.70,7.54
0000000000f9_0055 1400871657.77 8,1,1,5 859.01,227.91,139.40,171.69
0000000000f9_0066 1400871196.6 11,11,5,3,1 89.54,205.26,84.72,69.56,95.44
0000000000f9_0057 1400872690.09 5,13,1 137.79,140.97,91.08
0000000000f9_008c 1400871633.66 4,4,4,4,2 7.12,102.22,391.72,10.75,72.83
0000000000f9_0034 1400872702.78 1,1,5 8.08,6.02,705.66
0000000000f9_0068 1400872765.8 1,1,1,5 102.94,6.37,55.77,98.90
0000000000f9_0052 1400872632.92 4,4,4,7 30.36,129.67,58.73,178.32
0000000000f9_0076 1400871458.23 11,1,1,13 1626.21,1250.84,72.79,213.95
0000000000f9_0057 1400872799.48 5,13,1 122.46,152.08,5.72
0000000000f9_0058 1400872092.56 13,5,13,1 234.37,132.28,147.42,4.61
0000000000f9_0034 1400872813.32 1,1,5 45.43,187.31,233.19
0000000000f9_0065 1400871874.14 1,4,1,1,1,5 911.57,8.89,699.21,1098.69,292.11,240.99
0000000000f9_008c 1400871880.06 4,4,4,4,2 40.09,10.96,9.68,13.04,94.01
0000000000f9_0068 1400872837.46 1,1,1,5 42.19,580.71,123.32,272.58
0000000000f9_0055 1400871743.39 8,1,1,5 1517.79,1445.71,82.03,245.32
0000000000f9_0066 1400871268.87 11,1,5,13,1 1361.48,31.66,766.75,179.46,6.75
0000000000f9_001c 1400871066.88 3,7 111.63,125.61
0000000000f9_0052 1400872895.56 4,4,4,7 45.03,126.77,165.12,236.50
0000000000f9_007f 1400879966.77
0000000000f9_007f 1400880222.06
0000000000f9_007f 1400880467.34
0000000000f9_00c6 1400870940.63
0000000000f9_0096 1400871339.1 2,4,4 23.46,57.73,9.20
0000000000f9_0083 1400870940.54
0000000000f9_007f 1400880590.62
0000000000f9_007f 1400880700.88
0000000000f9_0057 1400872983.87 5,13,1 85.95,138.96,7.24
0000000000f9_007f 1400880797.19
0000000000f9_0034 1400873084.62 1,1,5 6.06,565.87,697.48
0000000000f9_001c 1400871338.17 3,7,7 136.36,198.41,26.19
0000000000f9_0058 1400872289.02 2,5,13,1 133.03,116.79,173.28,78.41
0000000000f9_007f 1400880864.51
0000000000f9_008c 1400872108.39 4,4,4,4,2 54.95,71.08,10.58,12.86,65.93
0000000000f9_0068 1400872906.83 1,1,1,5 6.46,841.30,7.52,88.80
0000000000f9_0083 1400871059.77
0000000000f9_0052 1400873049.85 4,4,4,7 32.02,1065.78,20.80,1150.44
0000000000f9_0066 1400871476.52 11,1,5,13,1 610.53,133.12,83.13,305.89,210.71
0000000000f9_0076 1400871726.43 11,1,1,13 1141.07,7.78,367.47,792.21
0000000000f9_00d1 1400870940.34
0000000000f9_0055 1400872024.0 8,1,1,13 96.36,153.73,113.78,127.85
0000000000f9_00d1 1400871016.44
0000000000f9_0096 1400871440.5 2,4,4 54.25,69.81,23.57
0000000000f9_00d1 1400871087.55
0000000000f9_0065 1400872066.63 1,4,1,1,1,5 994.01,8.89,972.81,416.55,354.16,427.37
0000000000f9_007f 1400881046.89
0000000000f9_001c 1400871479.4 3,7,7 737.32,545.62,24.44
0000000000f9_0083 1400871228.03
0000000000f9_00d1 1400871189.7
0000000000f9_0057 1400873107.3 5,13,1 113.82,712.94,72.00
0000000000f9_0034 1400873227.07 1,1,5 42.52,5.03,109.63
0000000000f9_00d1 1400871403.85
0000000000f9_007f 1400881308.18
0000000000f9_00d1 1400871514.01
0000000000f9_0068 1400873147.27 1,1,1,5 4.57,847.23,7.59,136.89
0000000000f9_0058 1400872584.41 13,5,13,1 259.75,131.73,89.80,41.56
0000000000f9_0083 1400871452.3
0000000000f9_008c 1400872350.75 4,4,4,4,2 17.13,8.15,19.43,10.54,687.08
0000000000f9_007f 1400881494.47
0000000000f9_00d1 1400871623.15
0000000000f9_0052 1400873304.28 4,4,4,3 21.17,23.35,9.61,100.98
0000000000f9_00aa 1400870942.05
0000000000f9_00d1 1400871890.26
0000000000f9_0066 1400871566.0 11,1,5,13,1 1702.45,32.50,164.91,154.12,79.71
0000000000f9_0096 1400871731.91 2,4,4 41.38,78.40,56.37
0000000000f9_0057 1400873377.75 1 99.64
0000000000f9_00d1 1400872189.41
0000000000f9_0083 1400871704.59
0000000000f9_007f 1400881668.76
0000000000f9_001c 1400871733.04 3,7,7 26.35,126.20,150.32
0000000000f9_00d1 1400872452.56
0000000000f9_0055 1400872218.6 8,1,1,5 937.74,3.05,96.18,191.10
0000000000f9_003a 1400871020.17 13,2 572.96,722.26
0000000000f9_00d1 1400872610.72
0000000000f9_0034 1400873518.37 1,1,3 5.98,512.27,14.73
0000000000f9_0076 1400872014.14 11,1,1,5 1848.99,1066.40,182.88,275.27
0000000000f9_007f 1400881741.05
0000000000f9_0083 1400871889.82
0000000000f9_00d1 1400872797.82
0000000000f9_00a9 1400870940.77
0000000000f9_00d1 1400873011.98
0000000000f9_0068 1400873386.75 1,1,1,13 5.57,5.00,16.52,138.18
0000000000f9_0057 1400873462.18 1 78.29
0000000000f9_0052 1400873544.68 4,4,4,3 61.55,10.05,5.74,93.86
0000000000f9_0096 1400871843.38 4,4 72.68,79.72
0000000000f9_00a9 1400871036.89
0000000000f9_0058 1400872744.74 2,5,13,1 20.20,111.79,119.00,8.52
0000000000f9_00d1 1400873243.08
0000000000f9_008c 1400872635.07 4,4,4,4,2 41.42,64.19,11.17,15.08,36.44
0000000000f9_00d1 1400873489.22
0000000000f9_0083 1400872136.04
0000000000f9_00d1 1400873788.3
0000000000f9_0066 1400871729.62 11,1,5,13,1 725.17,67.54,112.59,204.84,129.75
0000000000f9_00d1 1400873953.44
0000000000f9_00a9 1400871306.05 4,13,5,1 6.85,106.08,81.87,3.32
0000000000f9_001c 1400871942.58 3,7,7 47.20,66.94,82.52
0000000000f9_0034 1400873801.8 1,1,3 108.91,104.34,88.68
0000000000f9_00d1 1400874234.59
0000000000f9_0057 1400873611.65 1 106.60
0000000000f9_0083 1400872332.31
0000000000f9_0096 1400872096.7 4,4 5.31,81.50
0000000000f9_00ca 1400870941.52
0000000000f9_0052 1400873680.07 4,4,4 51.19,171.23,187.41
0000000000f9_00d1 1400874468.69
0000000000f9_00ca 1400871075.63
0000000000f9_0065 1400872333.27 1,4,1,1,1,13 1673.11,21.83,4.77,4.77,96.32,251.41
0000000000f9_0055 1400872431.22 8,1,1,5 92.66,132.84,176.31,220.63
0000000000f9_0068 1400873679.29 4,1,1,3 33.22,182.92,153.75,179.66
0000000000f9_00ca 1400871166.74
0000000000f9_001c 1400872062.05 3,7,7 238.85,73.06,30.96
0000000000f9_0083 1400872399.6
0000000000f9_00ca 1400871377.85
0000000000f9_008c 1400872786.44 4,4,4,4,2 62.12,64.24,15.42,13.27,46.26
0000000000f9_0058 1400872812.17 2,5,13,1 155.63,161.18,243.15,118.67
0000000000f9_0057 1400873716.13 1 72.83
0000000000f9_0076 1400872260.76 11,1,1,13 102.05,25.45,76.44,250.16
0000000000f9_00ca 1400871598.01
0000000000f9_00ca 1400871667.15
0000000000f9_0083 1400872696.84
0000000000f9_0096 1400872363.04 2,4,4 13.08,68.53,23.15
0000000000f9_0034 1400873913.15 1,1,3 6.89,10.40,49.67
0000000000f9_0066 1400871870.28 11,1,5,13,1 749.01,150.98,545.18,240.01,174.32
0000000000f9_0052 1400873822.65 4,4,4,3 22.01,147.34,7.65,160.59
0000000000f9_003a 1400871174.18 13,2 385.10,254.24
0000000000f9_00ca 1400871905.24
0000000000f9_00ca 1400872123.4
0000000000f9_0083 1400872996.08
0000000000f9_00ca 1400872247.56
0000000000f9_0057 1400873879.73 1 82.28
0000000000f9_0068 1400873809.78 1,1,1,3 26.46,36.90,126.77,137.83
0000000000f9_001c 1400872322.48 3,7,7 64.34,68.39,24.45
0000000000f9_00ca 1400872322.64
0000000000f9_00ca 1400872572.75
0000000000f9_008c 1400873057.81 4,4,4,4,2 6.95,62.67,283.83,10.19,60.64
0000000000f9_0055 1400872683.73 8,1,1,13 860.48,2.97,44.47,154.20
0000000000f9_0083 1400873096.36
0000000000f9_0058 1400872918.67 2,5,13,1 138.04,105.46,101.34,117.14
0000000000f9_00ca 1400872661.91
0000000000f9_00a9 1400871505.38 3,13,5,1 98.21,136.02,84.22,40.55
0000000000f9_0096 1400872480.34 2,4,4 524.20,39.60,23.33
0000000000f9_00ca 1400872937.05
0000000000f9_0034 1400873978.66 1,1,3 110.17,7.00,123.29
0000000000f9_00ca 1400873224.11
0000000000f9_0057 1400873984.3 1 150.30
0000000000f9_001c 1400872574.76 3,7,7 45.80,530.50,37.09
0000000000f9_0052 1400874010.47 4,4,4,3 250.73,336.90,14.14,404.03
0000000000f9_00ca 1400873331.27
0000000000f9_0083 1400873288.68
0000000000f9_00a9 1400871647.53 4,13,5,1 45.60,410.05,180.45,12.23
0000000000f9_00ca 1400873512.43
0000000000f9_0076 1400872534.72 11,1,1,5 395.64,1071.28,304.56,319.79
0000000000f9_0068 1400873909.4 1,1,1,3 189.82,158.83,91.07,146.20
0000000000f9_00ca 1400873733.54
0000000000f9_0065 1400872455.88 1,4,1,1,1,5 256.18,175.51,626.77,5.05,84.06,256.51
0000000000f9_00ca 1400874017.61
0000000000f9_0083 1400873574.96
0000000000f9_0096 1400872640.89 2,4,4 33.68,100.09,96.62
0000000000f9_0057 1400874227.67 1 48.89
0000000000f9_00ca 1400874315.76
0000000000f9_00a9 1400871819.67 3,13,5,1 110.72,407.83,91.21,19.74
0000000000f9_008c 1400873154.25 4,4,4,4,2 84.41,54.88,12.59,13.68,114.94
0000000000f9_0058 1400873115.25 2,5,13,1 14.22,207.36,698.88,97.97
0000000000f9_0034 1400874079.23 1,1,3 148.19,6.32,163.41
0000000000f9_00ca 1400874484.91
0000000000f9_001c 1400872849.09 3,7,7 27.67,54.47,24.40
0000000000f9_0052 1400874276.1 4,4,4,3 40.73,110.41,188.80,141.75
0000000000f9_0083 1400873752.25
0000000000f9_0055 1400872819.97 8,1,1,5 1147.16,368.95,340.42,414.33
0000000000f9_00c6 1400871223.91 9,10,10 46.44,207.79,27.78
0000000000f9_00b5 1400870941.66
0000000000f9_00a9 1400871896.33 4,13,5,1 118.97,281.23,242.97,167.09
0000000000f9_0057 1400874433.0 1 71.37
0000000000f9_0083 1400873882.58
0000000000f9_0066 1400872392.24 11,11,5,13,1 937.01,151.42,106.28,140.42,7.74
0000000000f9_0068 1400874150.0 1,1,1,3 5.28,201.22,110.71,188.91
0000000000f9_0096 1400872833.38 2,4,4 722.91,181.59,16.00
0000000000f9_00b5 1400871055.9
0000000000f9_00a9 1400872192.53 4,13,5,1 245.62,108.87,82.91,8.49
0000000000f9_0058 1400873179.9 2,5,1 544.55,221.02,141.23
0000000000f9_0083 1400874149.88
0000000000f9_008c 1400873284.78 4,4,4,4,2 107.04,116.50,799.03,154.38,36.80
0000000000f9_0034 1400874159.69 1,1,3 6.88,7.44,87.26
0000000000f9_0052 1400874360.54 4,4,4,3 37.65,10.27,13.73,117.87
0000000000f9_0076 1400872818.69 11,1,1,13 1635.67,1200.49,239.12,480.75
0000000000f9_001c 1400872942.49 3,7,7 676.23,69.87,44.49
0000000000f9_00b5 1400871243.15
0000000000f9_00a9 1400872459.7 4,5,1 213.41,83.90,12.22
0000000000f9_0055 1400872987.71 8,1,1,5 1350.55,129.45,147.12,265.72
0000000000f9_001c 1400873185.9 3,7,7 574.14,34.96,38.03
0000000000f9_0096 1400873068.73 2,4,4 327.90,734.08,63.77
0000000000f9_0083 1400874321.3
0000000000f9_00b5 1400871458.45
0000000000f9_0068 1400874325.66 1,1,1,3 251.10,174.94,178.44,205.10
0000000000f9_003a 1400871322.98 13,2,5,13,2 546.31,896.60,719.39,1097.94,813.59
0000000000f9_0066 1400872565.95 11,11,5,13,1 493.40,176.57,264.85,330.42,57.50
0000000000f9_00a9 1400872561.36 3,13,5,1 194.77,218.30,182.19,144.25
0000000000f9_0065 1400872707.48 1,4,1,1,1,5 47.55,154.84,703.68,821.16,69.92,132.94
0000000000f9_0083 1400874503.59
0000000000f9_0034 1400874403.1 1,1,3 12.35,570.81,627.99
0000000000f9_0092 1400870942.46
0000000000f9_0091 1400870942.5
0000000000f9_0090 1400870942.46
0000000000f9_00b5 1400871601.74
0000000000f9_0052 1400874527.1 4,4,4,3 30.39,140.47,811.11,159.31
0000000000f9_0058 1400873306.33 2,5,13,1 704.42,799.18,651.12,8.17
0000000000f9_008c 1400873566.18 4,4,4,4,2 41.74,82.70,8.58,12.54,636.98
0000000000f9_0093 1400870942.53
0000000000f9_00a9 1400872809.62 4,13,5,1 49.32,142.39,89.96,6.31
0000000000f9_0096 1400873201.18 2,4,4 563.41,72.71,38.58
0000000000f9_00b5 1400871852.99
0000000000f9_00ab 1400870941.71
0000000000f9_001c 1400873473.16 3,7,7 18.73,500.53,77.50
0000000000f9_00a3 1400870942.6
0000000000f9_004d 1400870945.29
0000000000f9_0076 1400872923.11 11,1,1,5 1529.75,1475.28,7.55,106.05
0000000000f9_00a9 1400873011.76 3,13,5,1 165.64,142.13,84.52,3.12
0000000000f9_0058 1400873468.94 2,1 167.58,188.29
0000000000f9_00b5 1400872152.28
0000000000f9_0055 1400873097.22 8,1,1,5 993.37,897.39,110.89,168.83
0000000000f9_0066 1400872749.54 11,1,5,13,1 1181.86,25.47,348.12,146.06,145.34
0000000000f9_008c 1400873738.59 4,4,4,4 82.72,85.08,55.43,104.26
0000000000f9_00bf 1400870942.24
0000000000f9_00bf 1400871159.37
0000000000f9_00a3 1400871044.87
0000000000f9_004d 1400871100.58
0000000000f9_00bc 1400870942.35
0000000000f9_00a9 1400873288.89 4,13,5,1 116.63,110.94,83.01,3.16
0000000000f9_00b5 1400872285.6
0000000000f9_001c 1400873661.46 3,7,7 533.74,11.12,149.41
0000000000f9_00a9 1400873582.06 1 5.74
0000000000f9_0096 1400873400.87 2,4,4 59.14,199.14,175.71
0000000000f9_0058 1400873680.56 2,1 127.23,176.11
0000000000f9_00ab 1400871025.82 4 7.08
0000000000f9_00b5 1400872524.86
0000000000f9_0065 1400872933.95 1,4,1,1,1,5 930.35,154.84,908.48,1026.67,67.67,105.99
0000000000f9_00c6 1400871449.24 10,9,10,10 188.49,71.42,26.51,39.51
0000000000f9_00a9 1400873696.2 4,1 10.07,79.54
0000000000f9_001c 1400873747.89 3,7,7 146.58,96.94,14.21
0000000000f9_0055 1400873286.57 1,1,5 15.55,7.66,686.08
0000000000f9_0066 1400872903.25 11,1,5,13,1 856.83,177.20,119.71,325.75,227.24
0000000000f9_00b5 1400872714.15
0000000000f9_008c 1400873877.08 4,4,4,4,2 86.46,155.50,14.36,170.92,188.40
0000000000f9_00a9 1400873930.53 4,1 61.31,23.45
0000000000f9_0096 1400873510.37 2,4,4 942.75,94.42,109.46
0000000000f9_00ab 1400871253.97 4,1,5 150.72,4.13,84.81
0000000000f9_0076 1400873079.48 11,1,1,13 1306.91,88.56,7.70,977.28
0000000000f9_00a9 1400874009.69 4,1 766.39,3.26
0000000000f9_00b5 1400872917.42
0000000000f9_0058 1400873889.04 2,13,1 79.15,167.10,99.12
0000000000f9_00a9 1400874116.9 4,1 21.03,3.38
0000000000f9_00a4 1400870940.52
0000000000f9_0091 1400871042.04 10,1 150.45,67.80
0000000000f9_0096 1400873638.98 2,4,4 602.49,169.22,186.72
0000000000f9_0092 1400871002.74 10,1 92.51,50.58
0000000000f9_00b5 1400873121.76
0000000000f9_00c6 1400871694.61 10,9,10,10 124.10,44.42,30.54,49.04
0000000000f9_0055 1400873366.17 1,1 106.51,117.23
0000000000f9_00bf 1400871363.49 13,13,13 109.39,36.10,121.27
0000000000f9_001c 1400873837.44 3,7,7 145.07,166.72,146.15
0000000000f9_0090 1400871158.72 12,6,10 94.38,22.82,97.33
0000000000f9_00a9 1400874246.1 4,1 16.89,3.84
0000000000f9_00bf 1400871578.63 13,13,13 135.12,51.08,103.42
0000000000f9_0058 1400874100.55 1 103.30
0000000000f9_008c 1400874147.59 4,4,4,4,2 9.52,9.12,9.92,137.27,134.34
0000000000f9_0093 1400871123.8 10,1,1 91.49,13.56,7.25
0000000000f9_0066 1400873081.7 11,1,5,13,1 830.54,20.43,252.29,918.34,72.73
0000000000f9_00b5 1400873222.05
0000000000f9_003a 1400871572.74 13,2,5,13,2 669.37,615.82,384.02,808.06,641.39
0000000000f9_00bf 1400871701.78 13,13,13 161.50,83.33,110.48
0000000000f9_00a9 1400874355.32 4,1 42.12,45.28
0000000000f9_0065 1400873167.7 1,4,1,1,1,5 1177.42,11.15,1006.71,152.45,163.49,250.41
0000000000f9_00a6 1400870938.9
0000000000f9_001c 1400873996.92 3,7,7 132.22,75.35,90.00
0000000000f9_00a7 1400870941.63
0000000000f9_00aa 1400871175.23 11,11,1,5,13,1 89.14,403.10,3.22,85.07,135.85,5.03
0000000000f9_00bf 1400871792.91 13,13,13 159.29,110.24,157.63
0000000000f9_0096 1400873829.46 2,4,4 154.60,94.50,102.42
0000000000f9_00b5 1400873499.36
0000000000f9_00bf 1400871933.07 13,13,13 148.13,88.26,116.82
0000000000f9_00c6 1400871864.98 10,9,10,10 273.02,28.76,353.88,97.97
0000000000f9_0058 1400874235.0 1 85.75
0000000000f9_00a9 1400874521.57 4,1 56.82,43.98
0000000000f9_0090 1400871350.0 10,6,10 17.21,676.18,101.51
0000000000f9_0055 1400873607.75 1,1 183.14,163.99
0000000000f9_00bf 1400872171.22 13,13,13 148.00,96.58,110.02
0000000000f9_0076 1400873351.97 11,1,1,3 146.59,84.33,8.81,93.87
0000000000f9_0050 1400870943.72
0000000000f9_00bf 1400872423.33 13 103.39
0000000000f9_00a6 1400871221.06 5,1 84.10,9.49
0000000000f9_00b5 1400873649.66
0000000000f9_00a3 1400871241.05 10,2,1,1,5 38.12,6.32,15.19,4.05,87.76
0000000000f9_00ab 1400871369.14 4,1,1,13 61.11,4.62,40.75,111.25
0000000000f9_0066 1400873222.29 11,1,5,1 450.57,97.78,153.46,121.31
0000000000f9_00a4 1400871023.65 4 9.03
0000000000f9_008c 1400874267.13 4,4,4,4,2 37.41,363.17,16.09,161.27,130.00
0000000000f9_001c 1400874096.37 3,7,7 95.10,107.95,110.71
0000000000f9_0058 1400874362.4 1 80.70
0000000000f9_0047 1400870943.06
0000000000f9_00b5 1400873863.95
0000000000f9_0096 1400873908.05 2,4,4 633.72,187.33,172.49
0000000000f9_00a6 1400871483.19 13,5,1 133.68,218.16,5.31
0000000000f9_00c6 1400872134.36 10,9,10,10 416.61,34.32,45.68,50.83
0000000000f9_00bc 1400871130.5 4,4 87.52,82.76
0000000000f9_0055 1400873763.28 1,1 24.74,133.93
0000000000f9_00bf 1400872620.48 13,13 51.03,148.89
0000000000f9_00bf 1400872682.59 13,13 99.00,165.91
0000000000f9_00bf 1400872939.71 13,13,13 147.74,79.78,154.82
0000000000f9_00bf 1400873077.84 13,13,13 155.39,94.74,178.28
0000000000f9_0090 1400871592.34 12,10,6,10 94.36,13.24,52.69,92.45
0000000000f9_00a3 1400871435.25 10,2,1,1,13 48.99,6.53,2.35,2.35,129.79
0000000000f9_00ab 1400871574.28 4,1,1,13 159.12,141.64,4.31,181.42
0000000000f9_00bf 1400873323.98 13 72.25
0000000000f9_00b5 1400873955.28
0000000000f9_00a6 1400871576.32 13,5,1 340.52,305.08,14.18
0000000000f9_00a4 1400871197.86 1,4,1,1,1,13 2.96,132.03,3.53,4.12,3.36,144.18
0000000000f9_00bf 1400873516.12 13 95.53
0000000000f9_001c 1400874197.34 3,7,7 298.94,322.07,312.70
0000000000f9_0065 1400873434.06 1,4,1,1,1,5 764.43,11.15,633.30,12.13,6.84,865.55
0000000000f9_00bf 1400873729.26 13 74.22
0000000000f9_008c 1400874536.53 4,4,4,4,2 11.73,8.39,8.19,22.78,678.59
0000000000f9_00a3 1400871588.4 10,2,1,1,5 252.03,229.46,231.81,4.40,244.03
0000000000f9_0076 1400873573.52 1,1,3 176.18,153.60,165.53
0000000000f9_00bf 1400873943.41 13 15.80
0000000000f9_00b5 1400874117.62
0000000000f9_0066 1400873322.86 11,1,5,13,1 103.49,49.37,99.29,153.58,121.88
0000000000f9_0096 1400874096.55 2,4,4 672.76,121.80,161.99
0000000000f9_00ab 1400871803.42 4,1,1,5 105.16,74.49,17.99,97.99
0000000000f9_00a6 1400871694.57 13,5,1 141.76,230.30,16.31
0000000000f9_00bf 1400874170.55 13 109.15
0000000000f9_0050 1400871180.74 15,15,15 104.85,503.36,360.35
0000000000f9_00bf 1400874366.66 13 13.02
0000000000f9_00c6 1400872268.21 10,9,10,10 222.98,69.78,41.66,124.63
0000000000f9_00a3 1400871877.65 10,2,1,1,13 115.49,6.58,2.59,3.94,118.45
0000000000f9_00a4 1400871349.96 1,4,1,1,1,13 30.36,56.16,96.77,199.38,3.01,110.57
0000000000f9_00bf 1400874518.81 13 94.25
0000000000f9_00b5 1400874198.0
0000000000f9_0055 1400873823.75 1,1 5.34,34.86
0000000000f9_0090 1400871852.67 12,10,6,10 1016.10,14.79,41.91,96.75
0000000000f9_00a6 1400871839.89 13,5,1 140.83,91.33,36.35
0000000000f9_0092 1400871196.08 10,10,10,6,10 101.80,266.18,27.22,46.16,90.84
0000000000f9_00ab 1400871920.58 4,1,1,13 149.01,190.04,4.24,126.57
0000000000f9_004d 1400871178.82 13,13,13,13 135.07,159.80,51.64,125.33
0000000000f9_0051 1400870961.26
0000000000f9_0093 1400871188.17 10,1,10,6,10 905.13,7.47,163.96,11.44,90.05
0000000000f9_0066 1400873442.33 1,1 100.51,8.47
0000000000f9_00b5 1400874289.3
0000000000f9_0096 1400874339.06 2,4,4 1102.18,59.71,99.01
0000000000f9_00a3 1400872029.01 10,2,1,1,13 152.30,7.49,517.97,523.73,160.94
0000000000f9_00a6 1400872092.22 13,5,1 423.41,83.86,6.15
0000000000f9_001c 1400874465.91 3,7,7 168.82,186.54,180.72
0000000000f9_00a4 1400871416.06 1,4,1,1,1,5 44.88,8.32,4.23,24.07,3.25,105.81
0000000000f9_00ab 1400872115.78 4,1,1,5 156.61,16.26,33.58,87.11
0000000000f9_0055 1400873968.36 1,1 317.93,101.60
0000000000f9_00a6 1400872388.39 5,1 84.56,3.59
0000000000f9_003a 1400871759.34 13,2,5,13,2 564.51,198.70,357.01,592.75,431.15
0000000000f9_0076 1400873816.03 1,1,3 699.10,152.23,165.55
0000000000f9_00c6 1400872515.65 10,9,10,10 400.90,70.27,96.96,87.11
0000000000f9_00a3 1400872291.25 10,2,1,1,13 325.69,4.24,2.40,9.82,132.72
0000000000f9_0090 1400871923.04 12,10,6,10 823.34,35.89,11.53,104.56
0000000000f9_0066 1400873678.94 1,1 291.85,240.36
0000000000f9_00ab 1400872269.93 4,1,1,5 325.56,4.63,4.23,87.59
0000000000f9_0065 1400873681.61 1,4,1,1,1,3 33.23,100.48,4.15,121.56,216.65,141.94
0000000000f9_0092 1400871356.42 10,1,10,6,10 823.62,45.23,117.93,740.27,100.28
0000000000f9_00a6 1400872629.63 13,5,1 131.25,86.29,5.88
0000000000f9_00a4 1400871616.24 1,4,1,1,1,13 5.96,34.32,114.82,143.21,5.54,151.03
0000000000f9_004d 1400871347.15 13,13,13,2,13 161.85,430.15,332.12,6.41,142.39
0000000000f9_0096 1400874401.67 2,4,4 612.21,132.55,192.00
0000000000f9_0055 1400874062.95 1,1 113.45,83.08
0000000000f9_00a3 1400872398.43 10,2,1,1,5 76.12,3.86,544.17,5.78,101.85
0000000000f9_0050 1400871282.43 15,15,5 2031.83,156.84,113.63
0000000000f9_0093 1400871461.72 10,1,1,10,6,10 117.04,16.53,4.61,21.20,19.33,159.33
0000000000f9_00bc 1400871422.69 4,4,4,12 234.90,82.25,98.71,64.34
0000000000f9_00ab 1400872339.08 4,1,1,13 309.10,161.67,5.17,201.36
0000000000f9_00a6 1400872861.84 13,5,1 939.31,86.14,8.06
0000000000f9_0047 1400871240.32 11,11,11,6 16.89,512.79,96.07,50.23
0000000000f9_0066 1400873812.46 1,1 114.25,168.14
0000000000f9_00c6 1400872795.0 10,9,10,10 481.90,39.72,31.66,102.79
0000000000f9_00a4 1400871687.5 1,4,1,1,1,5 54.73,33.69,177.06,193.90,13.73,84.24
0000000000f9_00a3 1400872566.61 10,2,1,1,5 186.05,3.63,163.96,24.14,233.54
0000000000f9_0090 1400872012.44 12,10,6,10 804.40,71.48,47.72,93.19
0000000000f9_00ab 1400872455.3 4,1,1,5 136.47,4.15,3.57,88.59
0000000000f9_0091 1400871303.33 10,10,10,10,6,10 90.15,107.61,168.32,38.63,6.86,89.66
0000000000f9_00a6 1400873135.03 13,5,1 352.67,81.79,3.79
0000000000f9_0076 1400873923.73 1,1,3 12.96,211.27,211.50
0000000000f9_0092 1400871473.78 10,10,10,6,10 134.86,107.37,62.15,776.87,100.98
0000000000f9_004d 1400871574.56 13,13,13,2,13 155.37,603.68,85.80,38.34,153.05
0000000000f9_00a6 1400873383.17 1 14.72
0000000000f9_0055 1400874222.53 1,1 143.69,94.09
0000000000f9_00a3 1400872763.8 10,2,1,1,13 75.54,82.46,3.56,11.24,120.48
0000000000f9_00a4 1400871748.66 1,4,1,1,1,5 6.40,9.31,3.89,340.57,8.70,86.50
0000000000f9_0066 1400874081.89 1,1 71.23,98.19
0000000000f9_00ab 1400872691.52 4,1,1,13 245.46,3.84,180.82,135.51
0000000000f9_00a6 1400873645.38 1 30.87
0000000000f9_0047 1400871388.67 11,11,11,6 873.06,98.65,201.40,49.39
0000000000f9_00aa 1400871253.41 11,1,11,5,13,1 196.50,15.10,179.50,207.71,365.06,4.74
0000000000f9_00c6 1400872901.47 10,9,10,10 309.25,49.75,134.09,39.88
0000000000f9_00a6 1400873887.79 1 63.66
0000000000f9_00a3 1400872835.01 10,2,1,1,5 40.87,5.18,156.46,16.70,100.64
0000000000f9_0090 1400872249.87 12,10,6,10 797.40,29.58,49.09,94.39
0000000000f9_0065 1400873786.17 1,4,1,1,1,3 119.69,198.90,1308.33,4.79,156.40,200.13
0000000000f9_00ab 1400872844.72 4,1,1,5 256.48,3.63,4.03,101.42
0000000000f9_00a4 1400871862.86 1,4,1,1,1,5 12.49,140.52,122.21,10.48,3.47,234.63
0000000000f9_00a6 1400874136.96 1 18.04
0000000000f9_0066 1400874187.42 1,1 94.38,164.67
0000000000f9_0051 1400871038.28 8 310.87
0000000000f9_00bc 1400871510.87 4,4,4,4 378.56,371.94,372.59,12.47
0000000000f9_0091 1400871546.67 10,10,1,10,6,10 91.43,236.44,43.76,12.24,5.11,104.37
0000000000f9_0048 1400870943.74
0000000000f9_0055 1400874386.02 1,1 28.60,76.93
0000000000f9_0050 1400871432.79 15,15,15,5 897.87,354.16,894.61,754.78
0000000000f9_0092 1400871724.06 10,10,10,6,10 774.70,188.59,13.70,43.35,97.05
0000000000f9_00a6 1400874227.12 1 96.49
0000000000f9_004d 1400871715.96 13,13,13,2,13 2339.59,250.30,25.08,14.03,99.74
0000000000f9_00a3 1400873064.15 10,2,1,1,13 148.22,142.53,4.18,4.20,200.27
0000000000f9_00ab 1400873008.84 4,1,1,13 498.59,152.59,5.65,135.96
0000000000f9_00aa 1400871512.57 11,1,1,5,13,1 250.43,61.67,3.21,84.37,146.50,4.01
0000000000f9_0076 1400874178.61 1,1,3 372.13,429.49,332.35
0000000000f9_0047 1400871487.21 11,11,11,11 937.01,91.09,119.59,91.09
0000000000f9_00a6 1400874360.32 1 27.38
0000000000f9_00a4 1400871977.06 1,4,1,1,1,5 4.72,93.66,115.70,166.86,3.42,84.02
0000000000f9_00c6 1400872978.88 10,9,10,10 100.68,28.91,57.68,169.67
0000000000f9_0090 1400872490.26 12,10,6,10 935.53,22.59,42.04,95.92
0000000000f9_0066 1400874443.76 1,1 59.12,6.95
0000000000f9_00a7 1400871233.79 1,13 4.56,128.11
0000000000f9_00ab 1400873086.98 4,1,1,5 81.51,76.82,9.67,87.13
0000000000f9_003a 1400872056.24 13,2,5,13,2 841.16,16.51,680.50,1261.63,1038.09
0000000000f9_0055 1400874483.56 1,1 40.50,146.09
0000000000f9_00a3 1400873320.29 10,2,1,1 30.11,8.83,3.09,3.12
0000000000f9_00a4 1400872167.24 1,4,1,1,1,5 7.75,44.12,122.99,209.71,202.05,277.82
0000000000f9_0093 1400871761.13 10,10,10,10,6,10 216.55,294.24,157.05,26.47,38.97,99.66
0000000000f9_0092 1400871970.39 10,10,10,6,10 791.81,89.63,21.28,42.46,103.00
0000000000f9_0091 1400871693.15 10,1,10,10,6,10 117.43,17.75,271.28,83.34,70.45,98.00
0000000000f9_00a7 1400871448.99 1,1,13 3.14,2.51,143.75
0000000000f9_00aa 1400871656.75 11,1,11,5,13,1 377.00,37.71,330.37,109.75,353.32,21.34
0000000000f9_00ab 1400873200.13 4,1,1,3 118.64,115.02,4.68,13.47
0000000000f9_004d 1400871898.37 13,13,13,2,13 242.95,360.68,97.44,17.17,160.88
0000000000f9_0047 1400871750.64 11,11,11,11 39.43,98.51,92.95,21.16
0000000000f9_0066 1400874510.16 1,1 77.60,7.70
0000000000f9_00c6 1400873173.39 10,9,10,10 416.34,67.66,34.67,44.67
0000000000f9_00a3 1400873411.48 10,2,1,1 111.51,13.64,259.21,19.51
0000000000f9_0065 1400873857.7 1,4,1,1,1,3 75.82,155.75,629.24,713.56,168.28,97.02
0000000000f9_0090 1400872614.74 12,10,6,10 798.60,77.80,41.24,90.41
0000000000f9_0048 1400871030.07 11 54.65
0000000000f9_0076 1400874281.22 1,1,3 1530.99,156.00,223.33
0000000000f9_00a7 1400871734.15 1,1,5 4.96,2.35,129.50
0000000000f9_00a4 1400872352.41 1,4,1,1,1,5 5.58,40.83,29.21,5.96,318.36,183.44
0000000000f9_0051 1400871263.43 8,8,8,16 1456.45,94.21,273.63,297.99
0000000000f9_0050 1400871613.97 15,15,15,15 1484.50,2278.38,362.38,404.08
0000000000f9_00ab 1400873314.38 4,1,1,5 311.68,4.17,36.57,84.18
0000000000f9_00a3 1400873697.7 10,2,1,1 147.63,4.83,7.79,11.72
0000000000f9_00bc 1400871669.73 4,4,4,4 229.86,458.88,295.83,179.75
0000000000f9_00a7 1400871973.51 1,1,5 5.27,10.72,97.90
0000000000f9_004d 1400872078.76 13,13,13,2,13 131.16,152.31,89.45,18.42,153.50
0000000000f9_0047 1400871950.27 11,11,11,11 1011.24,172.29,99.69,119.59
0000000000f9_00ab 1400873424.66 4,1,1,3 157.42,44.64,38.31,52.65
0000000000f9_0093 1400871854.68 10,1,1,10,6,10 175.68,7.68,36.32,106.43,78.37,94.63
0000000000f9_00aa 1400871874.0 11,1,1,5,13,1 389.28,2.02,16.32,84.99,136.50,7.24
0000000000f9_00a4 1400872552.57 1,4,1,1,1,5 178.24,9.83,15.49,19.87,7.07,117.84
0000000000f9_0048 1400871273.39 11,18,7 20.76,138.62,19.56
0000000000f9_0091 1400871822.62 10,10,1,10,6,10 106.91,128.33,32.14,67.93,8.87,98.27
0000000000f9_00c6 1400873241.86 10,9,10,10 454.72,74.72,259.49,69.40
0000000000f9_0092 1400872204.66 10,1,10,6,10 619.81,190.48,21.32,7.07,122.63
0000000000f9_00a3 1400873923.98 10,2,1,1 65.39,28.44,3.26,42.57
0000000000f9_00a7 1400872147.7 1,1,5 11.74,3.77,85.98
0000000000f9_0090 1400872721.21 12,10,6,10 753.25,66.65,44.41,116.85
0000000000f9_00ab 1400873698.83 4,1,1,3 193.55,4.47,3.54,214.75
0000000000f9_00a7 1400872391.86 1,1,13 3.61,3.39,228.47
0000000000f9_00a3 1400874008.18 10,2,1,1 303.39,12.34,18.36,24.25
0000000000f9_00a4 1400872690.76 1,4,1,1,1,5 5.07,53.37,188.00,8.28,4.43,267.29
0000000000f9_0065 1400874065.29 1,4,1,1,1,3 4.05,137.32,820.31,11.65,171.85,206.16
0000000000f9_00a8 1400870940.75
0000000000f9_00a7 1400872653.0 1,1,5 2.83,2.03,85.47
0000000000f9_004d 1400872203.23 13,13,13,2,13 227.44,696.75,88.12,7.14,154.19
0000000000f9_00ab 1400873959.0 4,1,1,3 62.11,8.66,6.93,15.87
0000000000f9_00c6 1400873480.43 10,9,10,10 481.50,171.83,140.51,130.63
0000000000f9_00aa 1400872164.15 11,1,11,5,13,1 243.55,17.23,89.94,83.77,131.12,4.85
0000000000f9_0090 1400873017.62 12,10,6,10 108.35,49.00,46.72,118.09
0000000000f9_0048 1400871542.7 11,18,18,18 748.32,124.95,116.86,78.29
0000000000f9_00a3 1400874094.33 10,2,1,1 216.66,98.12,26.63,8.75
0000000000f9_0092 1400872367.99 10,1,10,6,10 818.99,9.15,32.60,8.19,495.15
0000000000f9_0093 1400872142.23 10,10,10,10,6,10 129.99,93.33,93.05,23.56,17.53,99.36
0000000000f9_0051 1400871410.85 8,8,8,16 2625.69,121.19,362.74,451.62
0000000000f9_0050 1400871753.31 15,15,15,15 1058.26,102.62,479.76,473.80
0000000000f9_0091 1400872043.04 10,10,10,10,6,10 444.88,398.00,1039.71,13.39,37.95,95.43
0000000000f9_00a7 1400872728.31 1,1,13 4.55,18.29,112.83
0000000000f9_0047 1400872118.83 11,11,11,11 880.48,101.58,150.85,124.67
0000000000f9_00bc 1400871963.04 4,4,4,4 82.57,84.38,89.87,6.88
0000000000f9_00a4 1400872866.93 1,4,1,1,1,5 35.02,83.00,18.84,8.67,3.45,250.30
0000000000f9_00ab 1400874204.17 4,1,1,3 8.83,3.57,3.57,280.79
0000000000f9_00a3 1400874350.54 10,2,1,1 355.43,4.91,3.44,3.80
0000000000f9_00a7 1400872833.53 1,1,13 22.08,6.13,656.01
0000000000f9_00aa 1400872348.32 11,11,1,5,13,1 124.85,97.16,31.78,319.08,801.03,4.17
0000000000f9_003a 1400872127.92 13,2,5,13,2 412.61,545.63,445.05,730.30,582.48
0000000000f9_00a5 1400870941.62
0000000000f9_00ab 1400874399.33 4,1,1,3 321.48,3.49,7.40,221.79
0000000000f9_00a7 1400872949.7 1,1,13 5.39,409.75,484.88
0000000000f9_0090 1400873222.91 12,10,6,10 887.85,41.74,27.54,130.61
0000000000f9_004d 1400872327.62 13,13,13,2,13 153.45,291.88,71.76,7.03,158.57
0000000000f9_00a5 1400871011.74
0000000000f9_00a3 1400874426.66 10,2,1,1 143.13,3.85,144.90,49.63
0000000000f9_0092 1400872566.42 10,1,10,6,10 741.66,10.60,30.25,64.49,97.20
0000000000f9_00a4 1400873057.09 1,4,1,1,1,5 15.24,56.06,134.66,173.57,2.57,235.84
0000000000f9_00c6 1400873631.07 10,9,10,10 658.77,116.66,102.07,157.24
0000000000f9_0093 1400872343.63 10,1,1,10,6,10 118.36,8.58,320.99,17.00,36.57,467.33
0000000000f9_00a7 1400873239.92 1,1,13 3.77,3.68,316.35
0000000000f9_00a8 1400871205.9 1,1,13,1 2.05,2.96,132.43,4.80
0000000000f9_0047 1400872206.54 11,11,11,6 856.70,250.42,610.07,75.73
0000000000f9_0091 1400872301.41 10,1,1,10,6,10 711.35,25.55,53.56,17.36,44.35,97.64
0000000000f9_00a7 1400873469.05 1,1,13 2.32,3.24,444.02
0000000000f9_0048 1400871737.96 11,18,18,18 747.01,121.54,1745.62,112.22
0000000000f9_0065 1400874184.99 1,4,1,1,1,3 698.81,817.70,697.47,4.72,226.37,243.54
0000000000f9_00a7 1400873686.2 1,1 3.23,6.33
0000000000f9_0090 1400873421.34 10,6,10 32.82,35.31,97.05
0000000000f9_00c6 1400873725.72 10,9,10,10 66.82,89.51,61.72,68.07
0000000000f9_0050 1400871894.72 15,15,15,15 117.53,271.39,437.94,185.30
0000000000f9_00a7 1400873778.37 1,1 7.82,191.31
0000000000f9_00a4 1400873288.21 1,4,1,1,1,5 10.31,17.21,13.29,3.08,2.93,193.98
0000000000f9_004d 1400872480.26 13,13,13,2,13 242.34,188.81,91.44,55.53,202.52
0000000000f9_0051 1400871579.36 8,8,8,5 2393.99,563.98,451.07,420.31
0000000000f9_0092 1400872776.88 10,1,10,6,10 1302.44,81.22,26.97,25.68,93.14
0000000000f9_00a7 1400873942.51 1,1 114.13,241.91
0000000000f9_0048 1400872007.3 11,18,18,18 22.79,117.20,232.14,40.08
0000000000f9_0047 1400872275.99 11,11,11,11 972.81,110.87,276.04,88.42
0000000000f9_0093 1400872631.08 10,1,1,10,6,10 88.50,52.04,4.90,10.77,53.46,97.26
0000000000f9_00a7 1400874182.8 1,1 3.74,17.71
0000000000f9_0090 1400873656.78 10,6 84.16,128.66
0000000000f9_0091 1400872510.88 10,10,10,10,6,10 888.48,109.53,192.98,18.60,67.74,106.75
0000000000f9_00bc 1400872156.31 4,4,4,4 88.81,82.79,83.70,568.95
0000000000f9_00a4 1400873554.28 1,4,1,1,1,3 30.80,7.15,3.07,3.06,2.99,12.60
0000000000f9_00a7 1400874375.99 1,1 4.01,4.00
0000000000f9_0048 1400872253.62 11,18,18,18 762.72,112.07,112.37,92.87
0000000000f9_00c6 1400873861.15 10,9,10,10 414.99,87.01,500.59,101.33
0000000000f9_004d 1400872658.69 13,13,13,2,13 247.25,110.40,85.71,29.60,155.78
0000000000f9_0090 1400873721.33 10,6 189.99,172.62
0000000000f9_00a4 1400873807.41 1,4,1,1,1,3 42.16,54.51,42.65,3.20,3.42,157.63
0000000000f9_0092 1400872937.24 10,10,10,6,10 641.45,184.26,157.78,788.23,106.79
0000000000f9_0047 1400872460.5 11,11,11,11 791.09,92.28,115.58,70.56
0000000000f9_003a 1400872412.37 13,2,5,2 115.68,267.67,501.75,380.68
0000000000f9_0093 1400872803.46 10,10,10,10,6,10 94.97,262.91,186.98,109.39,991.68,91.63
0000000000f9_00a4 1400874099.54 1,4,1,1,1,3 4.79,8.19,4.12,5.11,212.24,253.98
0000000000f9_0050 1400872040.1 15,15,15,5 1744.07,1972.98,430.43,432.43
0000000000f9_0091 1400872619.4 10,1,1,10,6,10 117.80,19.85,33.08,127.25,34.51,92.17
0000000000f9_00c6 1400874007.73 10,9,10,10 292.33,54.90,68.86,57.10
0000000000f9_0051 1400871802.49 8,8,8,16 2281.63,89.20,313.06,324.03
0000000000f9_00a5 1400871252.93 3,1,1,5 81.41,4.47,4.50,84.62
0000000000f9_0090 1400873915.84 10,6 97.92,125.20
0000000000f9_0048 1400872335.94 11,18,18,18 778.44,851.65,366.79,57.53
0000000000f9_00a5 1400871411.06 3,1,1,13 280.38,185.31,6.70,156.05
0000000000f9_004d 1400872870.13 13,13,13,2,13 128.19,215.34,100.22,39.86,151.06
0000000000f9_0047 1400872708.02 11,11,11,11 47.32,130.03,98.45,75.31
0000000000f9_00a4 1400874315.72 1,4,1,1,1,3 4.52,139.84,97.37,3.59,3.77,224.93
0000000000f9_00bc 1400872437.55 4,4,4,4 80.82,92.54,82.45,537.85
0000000000f9_0092 1400873024.58 10,1,10,6,10 270.20,22.45,168.22,15.95,100.68
0000000000f9_0048 1400872521.31 11,18,18 754.48,144.07,71.11
0000000000f9_00a5 1400871701.26 3,1,1,5 183.45,3.14,2.18,91.82
0000000000f9_0090 1400874175.32 10,6 87.39,92.43
0000000000f9_0065 1400874268.83 1,4,1,1,1,3 71.23,93.21,741.56,500.81,474.15,389.54
0000000000f9_00c6 1400874267.19 10,9,10,10 566.86,50.57,21.21,94.64
0000000000f9_0093 1400873009.8 10,10,1,10,6,10 115.89,109.56,54.26,18.09,35.80,105.35
0000000000f9_00a5 1400871933.48 3,1,1,13 92.89,2.35,13.57,184.03
0000000000f9_00a4 1400874522.87 1,4,1,1,1,3 6.97,6.63,3.89,3.43,141.80,192.18
0000000000f9_0091 1400872844.03 10,1,10,10,6,10 96.72,25.79,108.87,13.89,52.40,164.40
0000000000f9_0047 1400872856.44 11,11,11,11 750.50,109.48,151.72,41.41
0000000000f9_004d 1400873052.5 13,13,13,2,13 352.51,136.48,49.91,7.17,465.48
0000000000f9_00a5 1400872090.63 3,1,1,5 428.90,364.30,145.19,87.27
0000000000f9_0051 1400872079.5 8,8,16 680.17,526.17,506.77
0000000000f9_00a8 1400871398.02 11,1,11,5,13,1 92.41,14.17,156.90,85.02,300.33,7.02
0000000000f9_0092 1400873317.94 10,10,10,6,10 109.59,115.50,18.71,8.58,283.25
0000000000f9_0090 1400874384.57 12,10,6,10 88.09,11.26,4.54,89.68
0000000000f9_0050 1400872193.35 15,15,15,15 336.94,371.95,452.97,310.99
0000000000f9_0048 1400872809.64 11,18,18,18 710.75,120.01,111.94,46.69
0000000000f9_00a5 1400872203.86 3,1,1,13 86.61,129.95,4.54,164.42
0000000000f9_00c6 1400874441.55 10,9,10,10 267.46,298.69,440.54,140.45
0000000000f9_0093 1400873076.19 10,10,10,10,6,10 117.82,870.56,316.57,62.47,42.35,103.96
0000000000f9_004d 1400873285.91 13,2 84.21,70.52
0000000000f9_0091 1400872904.48 10,1,1,10,6,10 107.27,21.35,604.22,443.20,33.77,97.65
0000000000f9_00a8 1400871512.24 11,1,1,5,13,1 228.42,1.97,3.65,92.69,218.82,11.93
0000000000f9_0047 1400872918.84 11,11,11,11 864.04,100.90,143.57,46.23
0000000000f9_00a5 1400872460.03 3,1,1,13 414.63,2.51,2.88,104.93
0000000000f9_00bc 1400872514.85 4,4,4,4 111.03,650.25,93.36,29.54
0000000000f9_0092 1400873583.42 1,10,6 35.59,12.85,97.09
0000000000f9_0090 1400874511.0 12,10,6,10 678.54,40.80,77.06,87.32
0000000000f9_00a8 1400871624.46 11,1,11,5,13,1 390.09,11.95,296.86,291.07,398.97,13.02
0000000000f9_0048 1400873002.04 11,18,18,18 761.63,116.68,112.88,75.54
0000000000f9_00a5 1400872588.21 3,1,1,13 265.35,4.60,3.83,132.55
0000000000f9_003a 1400872552.79 13,2,5,13,2 1630.63,1099.01,1199.20,1420.36,1555.11
0000000000f9_0093 1400873364.66 1,10,6,10 40.27,16.03,37.77,121.22
0000000000f9_00a8 1400871702.85 11,1,1,5,13,1 105.95,26.92,63.19,138.58,168.07,73.77
0000000000f9_004d 1400873523.36 13,2 60.05,111.41
0000000000f9_0091 1400873158.92 1,10,6,10 69.48,19.06,60.05,103.89
0000000000f9_00a5 1400872795.49 3,1,1,5 96.21,3.00,3.61,104.41
0000000000f9_0047 1400873046.21 11,11,11,11 647.31,715.19,240.00,45.03
0000000000f9_0092 1400873822.89 1,10,6 63.45,21.61,104.19
0000000000f9_0051 1400872234.69 8,8,8,16 93.12,95.84,356.37,351.89
0000000000f9_0065 1400874379.97 1,4,1,1,1,3 34.03,74.35,668.27,910.97,850.03,888.80
0000000000f9_0050 1400872465.65 15,15,15,5 99.42,1221.90,548.48,475.67
0000000000f9_00a8 1400871975.34 11,1,1,5,13,1 162.60,6.57,137.65,88.55,306.97,159.24
0000000000f9_00a5 1400872981.7 3,1,1 368.42,308.96,6.12
0000000000f9_0048 1400873157.4 11,18,18,18 701.24,127.46,122.76,45.83
0000000000f9_004f 1400870953.4
0000000000f9_004d 1400873589.86 13,2 144.11,131.79
0000000000f9_00a5 1400873114.87 3,1,1,5 350.69,256.17,8.16,352.85
0000000000f9_0093 1400873517.25 1,10,6 140.76,178.42,150.87
0000000000f9_0092 1400874087.37 1,10,6 143.68,19.77,129.38
0000000000f9_00bc 1400872664.16 4,4,4,4 91.30,633.40,160.91,28.82
0000000000f9_0091 1400873364.29 1,10,6,10 4.53,132.36,10.65,522.11
0000000000f9_0048 1400873439.77 11,7 20.37,50.88
0000000000f9_0047 1400873192.8 11,11,6 78.47,107.04,160.58
0000000000f9_004f 1400871086.66 13 32.92
0000000000f9_00a5 1400873336.03 3,1,1,5 218.97,2.92,39.03,220.63
0000000000f9_004d 1400873698.43 13,2 145.42,152.60
0000000000f9_0048 1400873665.23 11,7 96.66,79.35
0000000000f9_00a5 1400873430.2 1,1 138.36,33.52
0000000000f9_004d 1400873782.95 13,2 53.34,74.80
0000000000f9_0091 1400873630.7 1,10,6 63.55,52.69,72.53
0000000000f9_0092 1400874244.78 1,10,6 53.04,25.70,57.38
0000000000f9_0093 1400873664.82 1,1,10,6 161.39,179.94,21.17,179.28
0000000000f9_004f 1400871370.87 13,13,5 470.51,48.21,89.12
0000000000f9_00a5 1400873492.34 1,1 7.16,16.16
0000000000f9_0047 1400873296.3 11,11,11,6 887.32,945.17,947.92,40.32
0000000000f9_0051 1400872468.99 8,8,8,5 2382.44,90.55,458.14,327.78
0000000000f9_0065 1400874513.77 1,4,1,1,1,3 1305.18,74.35,1367.52,273.47,285.34,222.27
0000000000f9_0050 1400872536.88 15,15,15,15 157.38,104.42,579.73,467.27
0000000000f9_00a5 1400873734.47 1,1 3.40,3.46
0000000000f9_0048 1400873902.65 11,7 68.72,44.48
0000000000f9_004d 1400873943.48 13,2 57.79,94.70
0000000000f9_00a5 1400873904.84 1,1 71.82,80.75
0000000000f9_0091 1400873733.23 1,10,6 108.66,132.29,133.22
0000000000f9_0047 1400873516.8 11,6 26.60,83.31
0000000000f9_0092 1400874534.31 1,10,6 159.35,21.05,145.37
0000000000f9_0093 1400873844.41 1,1,10,6 154.83,84.56,187.31,171.46
0000000000f9_00a5 1400874004.16 1,1 44.16,46.34
0000000000f9_0048 1400874179.97 11,7 43.54,506.01
0000000000f9_00a5 1400874064.29 1,1 200.91,201.03
0000000000f9_004d 1400874097.16 13,2 182.22,187.53
0000000000f9_00a5 1400874237.57 1,1 34.39,74.44
0000000000f9_0047 1400873683.27 11,6 102.97,73.90
0000000000f9_00bc 1400872751.65 4,4,4,4 166.73,661.91,666.92,38.23
0000000000f9_00a5 1400874505.76 1,1 16.88,17.07
0000000000f9_0091 1400873862.74 1,1,10,6 91.15,461.02,20.19,106.62
0000000000f9_003a 1400872699.54 13,2,5,13,2 877.60,644.10,663.63,681.05,451.25
0000000000f9_0093 1400874056.91 1,1,10,6 85.85,4.69,21.55,104.37
0000000000f9_004d 1400874324.6 13,2 85.24,122.26
0000000000f9_0048 1400874324.25 11,7 27.32,51.88
0000000000f9_0051 1400872562.3 8,8,8,16 2274.35,92.61,370.79,421.99
0000000000f9_0047 1400873775.16 11,6 220.49,248.07
0000000000f9_0050 1400872708.22 15,15,15,15 114.75,125.33,340.36,174.46
0000000000f9_00a8 1400872206.51 11,11,11,5,13,1 96.44,215.99,112.33,705.59,125.24,11.34
0000000000f9_004f 1400871564.23 5,13,5 137.60,74.25,90.96
0000000000f9_004d 1400874476.14 13,2 123.23,89.04
0000000000f9_0091 1400874046.2 1,1,10,6 80.91,513.04,23.15,112.00
0000000000f9_00a8 1400872269.71 11,1,1,5,13,1 116.92,10.38,74.86,98.22,474.75,32.14
0000000000f9_0047 1400874012.68 11,6 134.73,75.11
0000000000f9_0093 1400874205.48 1,1,10,6 145.62,520.38,163.35,175.74
0000000000f9_00a8 1400872400.9 11,11,1,5,13,1 102.52,91.40,230.38,88.57,533.08,3.71
0000000000f9_00bc 1400872855.93 4,4,4,4 783.00,771.75,167.08,717.30
0000000000f9_004f 1400871734.95 5,13,5 339.00,235.67,267.60
0000000000f9_0047 1400874251.22 11,6 111.50,70.94
0000000000f9_0091 1400874190.88 1,1,10,6 122.70,533.25,225.82,205.32
0000000000f9_0093 1400874308.04 1,1,10,6 127.60,515.91,149.68,100.77
0000000000f9_00a8 1400872582.09 11,1,11,5,1 185.57,11.27,125.01,174.61,16.20
0000000000f9_0051 1400872849.52 8,8,8,5 2333.99,90.54,360.61,339.83
0000000000f9_0050 1400873001.62 15,15,15,15 111.52,117.46,540.44,530.76
0000000000f9_0047 1400874452.65 11,6 22.48,60.03
0000000000f9_004f 1400872030.21 5,13,5 130.84,833.46,91.65
0000000000f9_00a8 1400872672.26 11,1,1,5,13,1 227.61,153.03,96.57,306.83,205.54,67.17
0000000000f9_0091 1400874291.5 1,1,10,6 146.41,591.29,179.51,161.94
0000000000f9_0093 1400874493.5 1,1,10,6 75.45,4.67,21.18,82.86
0000000000f9_00a8 1400872787.44 11,1,1,5,13,1 165.20,1.45,85.21,221.45,229.05,3.18
0000000000f9_003a 1400872956.23 13,2,5,13,2 797.48,556.98,535.04,534.79,547.41
0000000000f9_004f 1400872168.53 13,13,5 49.47,661.00,91.05
0000000000f9_0091 1400874451.93 1,1,10,6 99.73,511.03,25.35,90.70
0000000000f9_00bc 1400873014.37 4,4,4,4 103.97,568.19,572.30,38.85
0000000000f9_0051 1400872924.39 8,8,8,16 2347.99,314.90,93.63,136.42
0000000000f9_004f 1400872418.85 5,5 142.31,88.62
0000000000f9_0050 1400873243.63 15,15,15,5 108.16,641.74,393.13,344.93
0000000000f9_0050 1400873440.51 5 292.39
0000000000f9_004f 1400872550.29 5,13,5 111.11,45.39,109.91
0000000000f9_00bc 1400873119.57 4,4,4,4 590.17,589.45,86.42,527.56
0000000000f9_0051 1400873048.58 8,8,8,5 2391.81,288.08,281.42,201.76
0000000000f9_003a 1400873121.0 13,2,5,2 615.22,1624.83,1123.72,920.98
0000000000f9_0050 1400873601.5 5 322.98
0000000000f9_004f 1400872627.65 13,13,5 71.61,35.04,90.59
0000000000f9_004f 1400872771.13 5,13,5 161.76,40.34,108.49
0000000000f9_0050 1400873860.38 5 234.45
0000000000f9_0051 1400873304.51 8,8,5 90.84,90.19,75.14
0000000000f9_00bc 1400873230.82 4,4,4,4 87.89,85.51,252.51,175.84
0000000000f9_003a 1400873289.04 2,2 544.18,352.31
0000000000f9_0050 1400873923.65 5 441.73
0000000000f9_0051 1400873570.42 5 209.67
0000000000f9_00bc 1400873467.02 4 287.64
0000000000f9_0050 1400874162.76 5 348.30
0000000000f9_0051 1400873766.4 5 398.59
0000000000f9_004f 1400873050.61 5,13,5 170.64,745.48,164.46
0000000000f9_003a 1400873415.78 2 529.99
0000000000f9_0051 1400873946.76 5 505.16
0000000000f9_004f 1400873319.93 5,13,5 103.78,65.94,88.21
0000000000f9_00bc 1400873598.25 4 9.64
0000000000f9_0050 1400874410.75 5 205.23
0000000000f9_004f 1400873481.47 13 97.44
0000000000f9_00bc 1400873798.5 4 33.44
0000000000f9_0051 1400874145.15 16 633.19
0000000000f9_004f 1400873666.0 13,13 93.90,175.98
0000000000f9_003a 1400873714.44 2,2 557.32,502.14
0000000000f9_004f 1400873733.55 13,13 201.70,164.37
0000000000f9_00bc 1400873915.93 4 110.88
0000000000f9_0051 1400874241.58 5 569.22
0000000000f9_004f 1400873803.03 13,13 45.20,74.13
0000000000f9_003a 1400873853.76 2 987.22
0000000000f9_00bc 1400874106.18 4 53.50
0000000000f9_0051 1400874387.56 16 264.51
0000000000f9_004f 1400874032.61 13,13 104.95,116.97
0000000000f9_004f 1400874163.2 13,13 73.45,163.12
0000000000f9_00bc 1400874264.47 4 65.69
0000000000f9_004f 1400874433.73 13,13 102.94,115.18
0000000000f9_00bc 1400874402.66 4 5.05
0000000000f9_003a 1400874064.0 13,2,5,13,2 814.82,993.65,419.85,408.92,188.53
0000000000f9_00bc 1400874506.92 4 57.60
0000000000f9_003a 1400874209.77 2,2 670.95,560.32
0000000000f9_003a 1400874473.22 2 496.97
0000000000f9_0007 1400870938.11
0000000000f9_0082 1400871059.36 10 24.46
0000000000f9_0082 1400871281.65 10,2,2,13 30.27,6.35,5.62,153.91
0000000000f9_0007 1400871173.35 13,7,15,4 98.61,88.51,116.16,8.36
0000000000f9_0007 1400871314.54 13,7,15,4 633.14,225.34,664.46,9.38
0000000000f9_0007 1400871405.82 13,7,15,4 628.33,101.56,680.31,15.87
0000000000f9_0082 1400871472.38 2,2,2,5 24.14,4.89,123.90,184.20
0000000000f9_0007 1400871701.22 13,7,15,4 648.74,139.02,104.18,35.36
0000000000f9_0007 1400871849.54 13,7,15,4 653.26,108.92,93.18,12.12
0000000000f9_0082 1400871708.77 2,2,2,13 7.87,16.69,7.08,140.23
0000000000f9_0007 1400872137.82 13,7,15,4 613.32,93.97,222.37,19.69
0000000000f9_0007 1400872331.11 13,7,15,4 631.88,89.54,106.66,11.53
0000000000f9_0082 1400871995.4 10,2,2,5 59.99,3.73,3.61,88.32
0000000000f9_0007 1400872489.48 7,15,4 93.05,180.86,72.07
0000000000f9_0007 1400872770.67 13,15,4 99.27,156.92,10.08
0000000000f9_0082 1400872257.04 2,2,2,13 44.09,4.93,3.63,133.62
0000000000f9_0007 1400873030.93 13,7,15,4 580.13,86.07,130.63,38.64
0000000000f9_0007 1400873170.16 13,7,15,4 583.48,170.27,217.58,15.85
0000000000f9_0082 1400872336.95 10,2,2,5 128.03,1241.08,39.13,189.70
0000000000f9_0007 1400873286.48 13,7,15,4 556.19,231.13,533.70,11.00
0000000000f9_0007 1400873546.79 4 17.16
0000000000f9_0007 1400873691.19 4 70.89
0000000000f9_0082 1400872488.72 2,2,2,5 82.42,1464.81,17.99,205.55
0000000000f9_0007 1400873897.44 4 29.55
0000000000f9_0007 1400873971.69 13,7,15,4 107.97,93.91,95.88,12.11
0000000000f9_0082 1400872558.92 10,2,2,5 280.39,1334.55,296.73,299.16
0000000000f9_0007 1400874204.94 13,7,15,4 88.52,98.60,95.53,20.01
0000000000f9_0007 1400874453.26 13,7,15,4 558.57,86.24,96.83,8.25
0000000000f9_0082 1400872640.43 2,2,2,5 7.42,1303.98,43.98,88.46
0000000000f9_0082 1400872891.17 10,2,2,5 120.80,6.25,3.58,177.02
0000000000f9_0082 1400873114.59 2,2,2,5 6.17,5.12,3.93,91.78
0000000000f9_0082 1400873296.89 10,2,2,5 71.83,794.13,5.99,950.54
0000000000f9_0082 1400873427.39 2,2,2 8.08,81.01,8.77
0000000000f9_0082 1400873703.83 10,2,2 26.96,4.89,8.68
0000000000f9_0082 1400873966.13 2,2,2 254.08,74.30,127.44
0000000000f9_0082 1400874107.51 10,2,2 58.44,202.19,8.21
0000000000f9_0082 1400874384.04 2,2,2 8.98,54.18,62.69
0000000000f9_00aa 1400872604.46 8,1,1,5,13,1 6.38,2.03,86.88,85.00,127.67,36.24
0000000000f9_00aa 1400872784.66 8,1,11,5,13,1 133.15,136.88,118.32,204.46,251.39,4.26
0000000000f9_00a8 1400873022.65 11,8,11,5,13,1 91.77,43.30,165.76,83.20,145.90,3.58
0000000000f9_00aa 1400873027.79 8,1,1,5,13,1 163.86,2.17,4.23,85.26,117.92,72.74
0000000000f9_00a8 1400873091.92 11,8,1,5,13,1 262.73,14.65,222.07,85.01,296.37,28.75
0000000000f9_00a8 1400873155.14 1,1,5,1 24.35,133.88,106.35,37.68
0000000000f9_00aa 1400873269.92 8,1,11,5,13,1 49.12,41.76,109.17,84.41,114.97,50.69
0000000000f9_00a8 1400873394.35 1,1,1 19.64,14.46,36.56
0000000000f9_00aa 1400873436.1 8,1,1 36.06,36.48,9.10
0000000000f9_00a8 1400873462.49 8,1,1 18.66,20.94,22.90
0000000000f9_00aa 1400873662.26 8,1,1,1 62.95,138.31,3.84,48.04
0000000000f9_00a8 1400873621.72 1,1,1 20.39,20.28,22.78
0000000000f9_00aa 1400873734.38 8,1,1,1 32.59,82.33,211.80,5.54
0000000000f9_00a8 1400873804.91 1,1,1 5.51,4.27,14.42
0000000000f9_00aa 1400873994.52 1,1,1 93.08,11.51,7.93
0000000000f9_00a8 1400873922.17 1,1,1 15.76,5.55,22.39
0000000000f9_00aa 1400874163.75 8,1,1,1 26.91,27.70,27.94,29.67
0000000000f9_00a8 1400874041.42 1,1,1 50.91,51.17,50.15
0000000000f9_00aa 1400874286.94 8,1,1,1 176.04,7.28,5.78,3.47
0000000000f9_00a8 1400874177.73 1,1,1 23.72,79.76,79.22
0000000000f9_00aa 1400874379.08 8,1,1,1 102.33,144.90,194.93,13.03
0000000000f9_00a8 1400874316.93 8,1,1 20.93,13.05,4.54
0000000000f9_00a8 1400874422.15 1,1,1 19.87,23.28,24.17
0000000000f9_003f 1400870939.81
0000000000f9_003f 1400871012.97
0000000000f9_003f 1400871154.37 4,4,4,4 51.21,62.32,53.38,66.35
0000000000f9_003f 1400871308.66 4,4,4,4 157.20,451.05,95.06,46.86
0000000000f9_003f 1400871542.0 4,4,4 6.62,39.11,13.27
0000000000f9_003f 1400871627.42 4,4,4 64.07,79.62,9.99
0000000000f9_003f 1400871872.8 4,4,4,4 35.15,61.99,20.57,18.79
0000000000f9_003f 1400871992.28 4,4,4,4 21.75,41.55,30.21,29.90
0000000000f9_003f 1400872201.6 4,4,4,4 7.32,13.27,613.14,57.70
0000000000f9_003f 1400872407.01 4,4,4,4 72.03,71.18,64.39,10.31
0000000000f9_003f 1400872596.38 4,4,4,4 56.73,32.39,18.24,19.21
0000000000f9_003f 1400872895.81 4,4,4,4 59.70,59.46,58.90,73.80
0000000000f9_003f 1400873179.13 4,4,4,4 122.05,44.13,53.96,17.39
0000000000f9_003f 1400873276.41 4,4,4,4 321.97,83.43,61.06,12.08
0000000000f9_003f 1400873472.88 4,4,4,4 66.79,60.63,81.12,102.23
0000000000f9_003f 1400873546.15 4,4,4,4 89.28,78.97,679.52,39.25
0000000000f9_003f 1400873677.64 4,4,4,4 95.43,83.15,105.04,123.39
0000000000f9_003f 1400873938.96 4,4,4,4 10.00,379.25,84.08,48.60
0000000000f9_003f 1400874082.28 4,4,4,4 7.38,57.86,57.76,10.32
0000000000f9_003f 1400874219.82 4,4,4,4 87.72,146.20,132.25,130.24
0000000000f9_003f 1400874305.11 4,4,4,4 87.72,152.61,62.78,9.69
0000000000f9_003f 1400874412.58 4,4,4,4 99.42,85.54,98.30,12.97
