0000000000f9_00a3 1400811061.16
0000000000f9_00a3 1400811230.28 1 1407.11
0000000000f9_00aa 1400813461.09
0000000000f9_00a3 1400811326.93 1,1 1380.92,1383.23
0000000000f9_0007 1400812261.15
0000000000f9_00a9 1400811061.41
0000000000f9_00a3 1400811413.72 1,1 847.58,1511.04
0000000000f9_00a9 1400811343.66 1 3.13
0000000000f9_0082 1400812261.59
0000000000f9_00a3 1400811656.02 1,1 2052.28,157.62
0000000000f9_00aa 1400813756.03 1,1,1 1093.61,414.89,729.11
0000000000f9_0007 1400812496.73 4,4 2460.81,2550.08
0000000000f9_0057 1400812261.32
0000000000f9_0058 1400811061.31
0000000000f9_0065 1400812261.37
0000000000f9_00a9 1400811516.3 8,1 89.14,1908.96
0000000000f9_00a3 1400811912.77 1,1 900.45,2108.87
0000000000f9_0082 1400812342.03
0000000000f9_0076 1400813461.37
0000000000f9_0055 1400811061.33
0000000000f9_00a9 1400811701.67 1 2131.24
0000000000f9_0007 1400812742.32 4,4 2252.64,1919.59
0000000000f9_00a3 1400811984.63 1 743.43
0000000000f9_0065 1400812549.51
0000000000f9_0082 1400812454.63
0000000000f9_0034 1400811061.32
0000000000f9_0057 1400812456.58 1 1456.24
0000000000f9_00aa 1400813965.81 1,1 1019.80,1012.27
0000000000f9_0066 1400811061.59
0000000000f9_0058 1400811146.65 1 1567.51
0000000000f9_00a3 1400812197.91 1 2473.22
0000000000f9_00a9 1400811907.82 8,1 967.96,884.28
0000000000f9_0007 1400812858.0
0000000000f9_0076 1400813676.98 2 1597.16
0000000000f9_0055 1400811266.71 4 2740.80
0000000000f9_0065 1400812833.91
0000000000f9_00a9 1400812130.69
0000000000f9_0068 1400812261.39
0000000000f9_00a4 1400813461.15
0000000000f9_0034 1400811340.41
0000000000f9_0082 1400812543.46
0000000000f9_0057 1400812567.8
0000000000f9_0007 1400813070.9 4 2454.00
0000000000f9_00a9 1400812224.2
0000000000f9_0058 1400811438.51
0000000000f9_00a3 1400812477.87 1,1 1592.53,1595.31
0000000000f9_0055 1400811400.15
0000000000f9_0065 1400812927.42
0000000000f9_0076 1400813819.88
0000000000f9_0066 1400811191.86 1927.20
0000000000f9_00a9 1400812420.71
0000000000f9_00a4 1400813542.14 1,1 2.84,2.60
0000000000f9_0007 1400813294.01
0000000000f9_0082 1400812760.2
0000000000f9_0034 1400811432.48
0000000000f9_00a9 1400812538.93
0000000000f9_00a3 1400812759.71 1,1 1849.02,1850.99
0000000000f9_0057 1400812705.58
0000000000f9_0058 1400811647.48
0000000000f9_0068 1400812558.81 13.79,16.86
0000000000f9_0055 1400811659.87
0000000000f9_00aa 1400814224.52 1,4 264.44,216.04
0000000000f9_0065 1400813112.33
0000000000f9_00a4 1400813605.22 1,1,1 752.96,750.53,1275.52
0000000000f9_0076 1400813997.12
0000000000f9_00a9 1400812710.67 1 2204.90
0000000000f9_0066 1400811351.37 461.32
0000000000f9_0007 1400813423.97 4,4 2578.02,2570.02
0000000000f9_0082 1400813036.16
0000000000f9_0034 1400811628.89
0000000000f9_00a3 1400812865.35 1,1 1214.49,2302.73
0000000000f9_00a9 1400812864.89
0000000000f9_0058 1400811793.99
0000000000f9_0057 1400812956.72
0000000000f9_0055 1400811745.86
0000000000f9_00a4 1400813760.3 1,1,1 1381.42,1315.03,1739.69
0000000000f9_0065 1400813249.37
0000000000f9_0076 1400814091.25
0000000000f9_0068 1400812642.46 2621.93
0000000000f9_0066 1400811542.86
0000000000f9_0034 1400811759.13
0000000000f9_0007 1400813546.85 4,4 2478.34,2410.07
0000000000f9_00a3 1400813149.35 1,1,1 1042.17,2418.10,1869.39
0000000000f9_00a4 1400814023.0 1,1,1 1023.59,1046.97,1785.86
0000000000f9_003f 1400811061.83
0000000000f9_0082 1400813255.1 2 2804.40
0000000000f9_0057 1400813097.79
0000000000f9_0065 1400813458.89
0000000000f9_00a9 1400813010.83 1,1 2261.47,2261.30
0000000000f9_0076 1400814220.57
0000000000f9_0055 1400812035.42 4 2729.82
0000000000f9_0068 1400812938.68
0000000000f9_00a6 1400811061.17
0000000000f9_00a3 1400813376.91
0000000000f9_0058 1400811997.9 1 2311.94
0000000000f9_00aa 1400814382.17 1,4,1,5 1372.74,1434.36,1435.97,1443.34
0000000000f9_0007 1400813728.73
0000000000f9_0066 1400811721.11
0000000000f9_00a4 1400814106.69 1,1,1 952.58,980.59,1825.96
0000000000f9_0034 1400811952.03
0000000000f9_0082 1400813536.1
0000000000f9_00a7 1400813461.13
0000000000f9_00a9 1400813115.55 1 1964.93
0000000000f9_003f 1400811130.03 4 2193.99
0000000000f9_0065 1400813541.2
0000000000f9_0055 1400812219.22
0000000000f9_0076 1400814489.03
0000000000f9_0057 1400813186.22
0000000000f9_00a8 1400812261.39
0000000000f9_0007 1400813881.73 4 2606.84
0000000000f9_0058 1400812250.93
0000000000f9_00a4 1400814264.79 1,1 2225.70,1650.34
0000000000f9_0066 1400811992.66
0000000000f9_003f 1400811274.62
0000000000f9_0034 1400812145.36
0000000000f9_00a8 1400812406.65 1 1717.69
0000000000f9_0082 1400813750.5
0000000000f9_0065 1400813721.82
0000000000f9_0055 1400812385.75
0000000000f9_0007 1400814054.83
0000000000f9_00a9 1400813375.0 8,1,1 2608.25,1621.90,2528.57
0000000000f9_0068 1400813049.83 1 1954.89,1869.11,1980.50
0000000000f9_0057 1400813283.63
0000000000f9_00a4 1400814533.32 1,1,5 905.00,934.92,1738.64
0000000000f9_00a6 1400811283.41 1 785.77
0000000000f9_00a7 1400813557.57 9,1,1,1 87.12,2.10,5.16,3.28
0000000000f9_0058 1400812433.62
0000000000f9_00a3 1400813498.48 1,1 1984.93,2502.07
0000000000f9_0066 1400812079.33
0000000000f9_00a8 1400812540.68 1,1 969.53,2248.55
0000000000f9_003f 1400811389.87
0000000000f9_0082 1400813873.85
0000000000f9_0065 1400813824.79
0000000000f9_0034 1400812237.97
0000000000f9_0055 1400812477.71
0000000000f9_00a9 1400813611.83 8,1,1 1038.19,968.02,957.19
0000000000f9_00a7 1400813832.17 1,1 12.18,127.08
0000000000f9_00a6 1400811490.48
0000000000f9_0007 1400814205.39 4,4 1718.22,1006.15
0000000000f9_0068 1400813279.36
0000000000f9_00a8 1400812773.49 1,1,1 1092.49,1081.64,1073.31
0000000000f9_003f 1400811482.32
0000000000f9_0057 1400813567.34
0000000000f9_00ab 1400812261.39
0000000000f9_0058 1400812663.72
0000000000f9_0066 1400812239.59
0000000000f9_0082 1400814032.97
0000000000f9_0065 1400813925.01
0000000000f9_0055 1400812611.97
0000000000f9_0034 1400812514.13
0000000000f9_0007 1400814435.4 4 2640.71
0000000000f9_00a7 1400814120.46 9,1,1,1 803.52,707.99,710.20,1720.52
0000000000f9_00a9 1400813771.44 11,8,1,1 1043.85,935.14,1570.96,1571.44
0000000000f9_003f 1400811654.37
0000000000f9_0068 1400813411.5
0000000000f9_00a8 1400813011.41 1,1,1 1201.66,1204.52,1198.56
0000000000f9_00a5 1400812261.27
0000000000f9_00a3 1400813665.03 1,1 1254.77,1264.15
0000000000f9_00ab 1400812331.67 1,13 619.30,1231.86
0000000000f9_0058 1400812760.75
0000000000f9_0066 1400812427.66
0000000000f9_0055 1400812879.65
0000000000f9_0065 1400814073.56
0000000000f9_0034 1400812728.35
0000000000f9_0082 1400814226.36 5 2618.59
0000000000f9_00c6 1400811064.07
0000000000f9_003f 1400811916.84
0000000000f9_00a7 1400814366.0 1,1,1 938.53,923.83,1494.07
0000000000f9_00a6 1400811744.25 1 1945.69
0000000000f9_00a8 1400813167.23 1,1,1 1041.57,1689.19,1688.95
0000000000f9_00a3 1400813768.61 1,1 2556.98,2037.68
0000000000f9_0068 1400813584.44
0000000000f9_0057 1400813713.93 1,5 2739.61,1666.57
0000000000f9_00a9 1400814054.56 11,1,1,1 83.59,2.40,6.00,1647.18
0000000000f9_00a5 1400812476.64 1,3,3 435.04,1757.00,433.59
0000000000f9_0066 1400812641.92
0000000000f9_0055 1400812995.18
0000000000f9_0065 1400814231.04
0000000000f9_00c6 1400811269.4
0000000000f9_0082 1400814310.54
0000000000f9_0058 1400813002.76 1 2735.34
0000000000f9_00a7 1400814521.21 1,1,1 988.65,1622.24,995.00
0000000000f9_0034 1400812834.72
0000000000f9_00a3 1400814020.16 1,1 1942.61,998.73
0000000000f9_003f 1400812000.07
0000000000f9_00a8 1400813430.35 1,1,1 1509.20,2050.31,1244.70
0000000000f9_007f 1400819565.2
0000000000f9_0068 1400813756.37
0000000000f9_0057 1400813808.48
0000000000f9_00a9 1400814326.36 11,8,1,1 85.58,287.25,251.52,221.76
0000000000f9_00a5 1400812726.25 1,3 3.38,84.44
0000000000f9_0055 1400813288.04
0000000000f9_00a6 1400811897.2 1 1484.48
0000000000f9_00c6 1400811555.07
0000000000f9_0066 1400812730.56
0000000000f9_0065 1400814542.36
0000000000f9_007f 1400819657.17
0000000000f9_0058 1400813103.73
0000000000f9_00ab 1400812567.15 1,4,3 13.02,79.94,248.11
0000000000f9_0034 1400812983.49
0000000000f9_00a8 1400813645.95 1,1,1 1522.76,2531.28,982.99
0000000000f9_00a3 1400814275.44 1,1,5 862.33,2365.68,936.03
0000000000f9_003f 1400812275.84 4 1968.98
0000000000f9_0082 1400814612.69 2 2197.24
0000000000f9_0055 1400813553.02
0000000000f9_00a6 1400812095.64
0000000000f9_0057 1400813975.18
0000000000f9_00a9 1400814626.32 11,1,1,1 1662.85,2238.63,1372.52,1377.80
0000000000f9_0068 1400814050.99 1561.46
0000000000f9_0066 1400812831.71
0000000000f9_00c6 1400811719.07
0000000000f9_00a5 1400812951.39 1,3,1,1 648.97,2245.48,2178.55,1693.77
0000000000f9_00ab 1400812649.23 1,13 1237.23,1356.66
0000000000f9_003f 1400812363.85
0000000000f9_00a3 1400814515.63 1,1 1574.58,1563.23
0000000000f9_00a8 1400813737.03 1,1 1884.07,1190.92
0000000000f9_00a6 1400812227.95
0000000000f9_007f 1400819936.28
0000000000f9_0034 1400813194.2
0000000000f9_0055 1400813676.15
0000000000f9_00c6 1400811870.35
0000000000f9_0068 1400814265.71
0000000000f9_0066 1400812970.14
0000000000f9_00a5 1400813249.64 1,3,1 259.86,1182.89,2758.38
0000000000f9_003f 1400812577.63
0000000000f9_0058 1400813294.12 1,1 2075.20,2196.93
0000000000f9_00a6 1400812472.77 1,1 942.22,1954.28
0000000000f9_007f 1400820068.69
0000000000f9_00a8 1400813836.37 1,1,5,1 1016.82,2634.47,1394.69,1303.85
0000000000f9_00ab 1400812783.22 1,4,1,1 1008.16,1124.36,1011.66,2263.35
0000000000f9_0034 1400813331.52
0000000000f9_003a 1400813462.8
0000000000f9_0055 1400813945.86
0000000000f9_0057 1400814272.66 1,1 2614.29,1319.81
0000000000f9_00a5 1400813455.6 1,3,1 478.41,548.25,1256.91
0000000000f9_0066 1400813285.98
0000000000f9_003f 1400812703.36 4 240.97
0000000000f9_00c6 1400812155.54
0000000000f9_00a6 1400812768.58 1,1,1 945.50,1286.37,1299.04
0000000000f9_007f 1400820262.86
0000000000f9_00a8 1400814081.71 1,5,1 554.31,2312.86,27.81
0000000000f9_00ab 1400812880.4 4,1,1 736.55,1125.34,2174.67
0000000000f9_0055 1400814144.34
0000000000f9_0058 1400813598.23 1 2089.13
0000000000f9_0034 1400813560.93
0000000000f9_0068 1400814564.34 2040.59,1795.51
0000000000f9_00c6 1400812435.8
0000000000f9_0066 1400813478.59
0000000000f9_00a5 1400813757.56 1,3,1,1 1437.83,1543.58,2240.32,1835.06
0000000000f9_00a6 1400812840.83 1,1,1 1.38,10.70,19.48
0000000000f9_007f 1400820414.84
0000000000f9_00a8 1400814625.33 1 256.85
0000000000f9_003f 1400812964.02 4,4 2640.40,2521.04
0000000000f9_0055 1400814435.31
0000000000f9_0057 1400814419.7 1,1 2402.09,2381.77
0000000000f9_0058 1400813735.95
0000000000f9_0034 1400813772.46
0000000000f9_00ab 1400813150.07 1,4,1,1 702.53,863.53,745.09,766.92
0000000000f9_00a6 1400813031.12 1,1 2288.07,2300.69
0000000000f9_0066 1400813752.81
0000000000f9_007f 1400820595.54
0000000000f9_00c6 1400812545.13
0000000000f9_0055 1400814553.68
0000000000f9_003a 1400813688.85
0000000000f9_00a6 1400813180.57 1,1 2248.94,2323.85
0000000000f9_003f 1400813108.77
0000000000f9_00ab 1400813299.98 1,4,1,1 1307.09,926.44,839.31,1945.19
0000000000f9_0058 1400813818.82
0000000000f9_0034 1400813863.09
0000000000f9_0066 1400813960.02
0000000000f9_00c6 1400812781.07
0000000000f9_0055 1400814648.46
0000000000f9_007f 1400820822.78
0000000000f9_00a6 1400813430.14 1,1,1 2334.98,2318.54,980.80
0000000000f9_00a5 1400813928.64 4,3,1,1 823.64,878.53,817.33,939.76
0000000000f9_0057 1400814609.35 1,1 2377.23,1166.58
0000000000f9_00ab 1400813436.35 1,4,1,1 1.08,79.92,10.30,1746.88
0000000000f9_003f 1400813352.0 4,4 991.29,1126.22
0000000000f9_0058 1400814001.92
0000000000f9_0034 1400813979.35
0000000000f9_00a6 1400813556.89
0000000000f9_0066 1400814153.27
0000000000f9_007f 1400820935.0
0000000000f9_00c6 1400812946.94
0000000000f9_00a6 1400813749.16 1 1474.32
0000000000f9_00ab 1400813626.7 1,4,1,1 1378.54,2061.92,1294.95,2509.36
0000000000f9_0034 1400814222.0
0000000000f9_00a5 1400814127.85 1,3,1,1 805.31,842.89,779.55,2426.94
0000000000f9_007f 1400821105.04
0000000000f9_0066 1400814433.68
0000000000f9_003f 1400813661.43 4,4 2595.06,2552.21
0000000000f9_0058 1400814244.29 5 1802.20
0000000000f9_003a 1400813861.47
0000000000f9_00a6 1400814020.89 1,1,6,1 1208.50,1212.60,1293.49,1214.49
0000000000f9_00ab 1400813744.08 1,4,1,1 2282.98,2011.77,1959.98,1943.89
0000000000f9_00c6 1400813241.49
0000000000f9_007f 1400821238.12
0000000000f9_0034 1400814410.25
0000000000f9_00a5 1400814357.97 4,3,1,1 1302.16,1038.57,957.17,1649.69
0000000000f9_003f 1400813829.29 4 2242.12
0000000000f9_00a6 1400814197.95 1,1,6 2576.62,138.93,1554.56
0000000000f9_0066 1400814612.75 2143.00,2202.23
0000000000f9_00ab 1400813954.06 4,1,4,1,1 6.59,1259.38,1970.29,1258.89,1249.91
0000000000f9_00c6 1400813482.78
0000000000f9_007f 1400821382.6
0000000000f9_0058 1400814463.0 1,1 2227.11,2216.29
0000000000f9_003f 1400814056.59
0000000000f9_00a6 1400814494.31 1,6,1 1608.98,2488.57,856.32
0000000000f9_00a5 1400814561.66 4,3,1,1 1388.84,1614.74,1352.09,1366.03
0000000000f9_007f 1400821632.66
0000000000f9_003f 1400814234.45
0000000000f9_00ab 1400814107.85 4,1,4,1,1 1089.74,1134.01,1170.16,1059.57,1995.15
0000000000f9_0058 1400814625.55
0000000000f9_00ab 1400814376.69 1,13,1,5 873.63,947.57,857.51,2110.85
0000000000f9_003f 1400814452.62
0000000000f9_003f 1400814657.16
0000000000f9_007f 1400821868.16
0000000000f9_00ab 1400814638.73 4,1,13,1,1 1624.86,1768.39,1717.44,1601.80,1607.83
0000000000f9_0083 1400811062.87
0000000000f9_00d1 1400813463.04
0000000000f9_003a 1400814089.66 11,10 430.58,357.00
0000000000f9_00c6 1400813577.68
0000000000f9_00c6 1400813716.44
0000000000f9_00d1 1400813528.22
0000000000f9_00d1 1400813685.33
0000000000f9_00d1 1400813867.37
0000000000f9_00d1 1400814061.34
0000000000f9_0083 1400811325.86
0000000000f9_00d1 1400814303.37
0000000000f9_00c6 1400814001.08
0000000000f9_00c6 1400814144.73
0000000000f9_00d1 1400814388.34
0000000000f9_00d1 1400814616.31
0000000000f9_0083 1400811582.83
0000000000f9_003a 1400814424.9
0000000000f9_00c6 1400814298.18
0000000000f9_00c6 1400814463.76 10 2926.34
0000000000f9_0083 1400811778.38
0000000000f9_0083 1400812085.53
0000000000f9_00c6 1400814606.2
0000000000f9_0083 1400812371.18
0000000000f9_00ca 1400813464.36
0000000000f9_0083 1400812466.79
0000000000f9_00ca 1400813732.58
0000000000f9_00ca 1400814010.65
0000000000f9_00ca 1400814211.64
0000000000f9_00ca 1400814443.63
0000000000f9_0083 1400812561.84
0000000000f9_00b5 1400812264.66
0000000000f9_0083 1400812680.79
0000000000f9_00b5 1400812361.99
0000000000f9_00b5 1400812596.47
0000000000f9_0083 1400812988.82
0000000000f9_00b5 1400812679.72
0000000000f9_0083 1400813094.6
0000000000f9_00b5 1400812897.5
0000000000f9_00b5 1400813180.43
0000000000f9_0083 1400813218.8
0000000000f9_00b5 1400813368.98
0000000000f9_00bc 1400812265.22
0000000000f9_0083 1400813382.2
0000000000f9_00b5 1400813548.55
0000000000f9_008c 1400811061.56
0000000000f9_0096 1400813461.78
0000000000f9_0091 1400813465.42
0000000000f9_00b5 1400813796.39
0000000000f9_008c 1400811225.07 4 2572.01
0000000000f9_0083 1400813486.95
0000000000f9_00b5 1400813980.0
0000000000f9_0096 1400813573.99 4,4 1304.20,1285.34
0000000000f9_00bc 1400812391.04 12,4 582.10,2059.92
0000000000f9_0093 1400811065.33
0000000000f9_0091 1400813706.78 10,13,10 1798.67,2120.31,2508.68
0000000000f9_008c 1400811300.83 4 723.13
0000000000f9_0090 1400811065.32
0000000000f9_0092 1400812265.28
0000000000f9_00b5 1400814092.95
0000000000f9_0096 1400813772.37
0000000000f9_0083 1400813659.73
0000000000f9_0093 1400811245.58
0000000000f9_008c 1400811559.45
0000000000f9_0090 1400811280.19
0000000000f9_0092 1400812348.52
0000000000f9_00b5 1400814276.2
0000000000f9_0096 1400814079.63
0000000000f9_0047 1400812265.39
0000000000f9_0093 1400811543.98
0000000000f9_0090 1400811470.93
0000000000f9_0092 1400812502.0
0000000000f9_0083 1400813817.96
0000000000f9_00b5 1400814378.89
0000000000f9_008c 1400811654.64 4 2496.92
0000000000f9_0096 1400814360.22
0000000000f9_0093 1400811639.73
0000000000f9_0090 1400811575.84
0000000000f9_008c 1400811769.56
0000000000f9_0096 1400814643.21
0000000000f9_0092 1400812793.99 10 2738.10
0000000000f9_0083 1400814110.53
0000000000f9_00bc 1400812652.69 12,4 1629.08,1791.79
0000000000f9_0093 1400811904.48
0000000000f9_0047 1400812504.88 3,11 2163.87,2239.62
0000000000f9_0090 1400811871.99
0000000000f9_008c 1400811937.81
0000000000f9_0092 1400813001.94
0000000000f9_0093 1400812207.3
0000000000f9_0047 1400812638.84
0000000000f9_0052 1400813461.98
0000000000f9_0090 1400812078.87
0000000000f9_008c 1400812154.18
0000000000f9_0083 1400814256.94
0000000000f9_0093 1400812373.24
0000000000f9_0092 1400813314.91 10 2868.75
0000000000f9_0047 1400812827.15
0000000000f9_0091 1400814012.32 10,10 1230.57,298.84
0000000000f9_00bf 1400812265.63
0000000000f9_00bf 1400812328.86 11,13 267.93,329.19
0000000000f9_0090 1400812355.19
0000000000f9_008c 1400812352.82
0000000000f9_00bf 1400812505.13 11,13 218.17,301.62
0000000000f9_0052 1400813663.68 4,15,4 1984.76,2423.32,2365.32
0000000000f9_0093 1400812585.54
0000000000f9_00bf 1400812738.43 11,13,13 1274.40,1354.78,1291.89
0000000000f9_0092 1400813506.92
0000000000f9_0047 1400812993.53
0000000000f9_0083 1400814517.6
0000000000f9_008c 1400812562.05
0000000000f9_0090 1400812664.52
0000000000f9_0091 1400814320.34 10,13 2627.72,1068.23
0000000000f9_0093 1400812736.14
0000000000f9_0092 1400813706.25
0000000000f9_0047 1400813285.57
0000000000f9_008c 1400812765.79
0000000000f9_00bc 1400812810.4 12,4,4,4 1889.74,1918.06,1908.02,1912.97
0000000000f9_0090 1400812903.66
0000000000f9_0093 1400812953.68
0000000000f9_00bf 1400812934.79 11,13,13 50.87,117.73,101.28
0000000000f9_0092 1400813962.52
0000000000f9_00bf 1400813192.16 11,13,13 1002.46,1021.76,1096.57
0000000000f9_0091 1400814629.96 10,10 1645.66,2374.12
0000000000f9_0090 1400813198.84
0000000000f9_008c 1400813027.12 4 2713.56
0000000000f9_0047 1400813589.98 11,11 2641.29,2707.17
0000000000f9_0093 1400813042.72
0000000000f9_0090 1400813333.41
0000000000f9_00bf 1400813457.23 11,13,13 433.54,471.48,527.14
0000000000f9_00bf 1400813696.72 11,13,13,13 1089.99,1174.91,1112.21,1149.88
0000000000f9_00bf 1400813966.12 11,13,13 824.80,906.75,890.68
0000000000f9_00bf 1400814126.5 11,13,13,13 981.08,1240.00,1373.50,1350.68
0000000000f9_0092 1400814156.48 10 2692.33
0000000000f9_00bf 1400814296.54 11,13,13,12 1006.12,1415.90,1413.81,1350.97
0000000000f9_008c 1400813332.73
0000000000f9_0093 1400813325.35
0000000000f9_0050 1400812267.71
0000000000f9_0047 1400813864.91 11 2827.57
0000000000f9_00bf 1400814598.09 11,13,13,13 1431.24,1383.88,1375.29,1407.79
0000000000f9_0092 1400814375.16
0000000000f9_0090 1400813418.47
0000000000f9_008c 1400813418.93
0000000000f9_0093 1400813491.21
0000000000f9_0092 1400814545.95
0000000000f9_0047 1400813977.44
0000000000f9_008c 1400813617.22
0000000000f9_0050 1400812451.26
0000000000f9_00bc 1400813023.35 12,4,4,4 1864.43,1969.76,1768.97,1977.81
0000000000f9_0093 1400813795.77 10 2404.75
0000000000f9_0090 1400813624.8 10,10 2751.13,2590.56
0000000000f9_0052 1400813812.13 5,4 2526.55,767.74
0000000000f9_008c 1400813862.45
0000000000f9_0047 1400814263.18 11 2283.33
0000000000f9_0093 1400813898.81
0000000000f9_0090 1400813924.51
0000000000f9_008c 1400814025.78
0000000000f9_0050 1400812567.32
0000000000f9_0047 1400814445.39
0000000000f9_0052 1400813895.38 4,4 2684.58,2087.04
0000000000f9_0093 1400814130.72
0000000000f9_0090 1400814103.78
0000000000f9_008c 1400814197.83
0000000000f9_0052 1400814187.43
0000000000f9_0093 1400814378.32
0000000000f9_0090 1400814183.14
0000000000f9_00bc 1400813186.3 4,4 1609.89,142.90
0000000000f9_0050 1400812824.78
0000000000f9_0093 1400814634.36
0000000000f9_008c 1400814474.06 4,4 2245.06,2306.11
0000000000f9_0052 1400814377.7 4 907.53
0000000000f9_0090 1400814438.64 10 2569.40
0000000000f9_0050 1400813037.1
0000000000f9_0052 1400814456.1 4,5,4 2367.17,2308.02,1652.65
0000000000f9_0052 1400814618.3
0000000000f9_00bc 1400813425.91 12,4,4,4 1921.84,2127.54,2130.56,2067.65
0000000000f9_0050 1400813297.24
0000000000f9_0050 1400813501.35
0000000000f9_0050 1400813743.89
0000000000f9_00bc 1400813507.25 12,4,4 1694.51,1755.42,1766.60
0000000000f9_0050 1400813939.16
0000000000f9_0050 1400814202.64
0000000000f9_00bc 1400813774.71 12,4,4,4 1457.49,1586.26,1593.58,1585.67
0000000000f9_0050 1400814338.17
0000000000f9_0050 1400814458.45 15 2517.62
0000000000f9_00bc 1400813864.94 12,4,4,4 1883.48,1807.10,1916.02,1915.47
0000000000f9_001c 1400812262.1
0000000000f9_001c 1400812448.99
0000000000f9_00bc 1400814037.28 12,4,4,4 1639.71,1535.72,1734.41,1573.45
0000000000f9_001c 1400812735.36 4 2706.42
0000000000f9_004f 1400813468.43
0000000000f9_004f 1400813772.53 11,5,5 1930.94,2202.53,2167.94
0000000000f9_001c 1400812838.01
0000000000f9_001c 1400813109.53
0000000000f9_00bc 1400814178.05 4 2351.84
0000000000f9_001c 1400813203.84
0000000000f9_004f 1400813945.89 5 2653.47
0000000000f9_004f 1400814090.49
0000000000f9_001c 1400813421.46
0000000000f9_004f 1400814332.88
0000000000f9_001c 1400813662.29
0000000000f9_001c 1400813871.25
0000000000f9_004f 1400814414.29
0000000000f9_001c 1400813992.45
0000000000f9_00bc 1400814430.94 12,4,4,4 1661.52,2013.72,2036.91,2024.74
0000000000f9_004f 1400814625.3
0000000000f9_001c 1400814079.47
0000000000f9_001c 1400814309.1
0000000000f9_001c 1400814398.18
0000000000f9_004d 1400812268.7
0000000000f9_004d 1400812491.76 6,13 2410.33,2554.72
0000000000f9_00bc 1400814593.73 12,4,4,4 2012.11,2134.21,2106.48,2030.73
0000000000f9_004d 1400812704.44
0000000000f9_004d 1400812920.5
0000000000f9_004d 1400813036.84
0000000000f9_004d 1400813306.68
0000000000f9_004d 1400813528.31 6 2543.21
0000000000f9_004d 1400813643.56
0000000000f9_004d 1400813786.76
0000000000f9_004d 1400814037.18
0000000000f9_004d 1400814213.15
0000000000f9_004d 1400814477.79 13 2647.19
0000000000f9_004d 1400814568.92
0000000000f9_0051 1400811080.93
0000000000f9_0051 1400811232.29
0000000000f9_0051 1400811504.69
0000000000f9_0051 1400811629.01
0000000000f9_0051 1400811803.29
0000000000f9_0051 1400811954.12
0000000000f9_0051 1400812111.98
0000000000f9_0051 1400812351.36
0000000000f9_0051 1400812524.37
0000000000f9_0051 1400812742.14
0000000000f9_0051 1400812991.59
0000000000f9_0051 1400813313.36
0000000000f9_0051 1400813560.13 8 1709.84
0000000000f9_0051 1400813785.04 8,14 1097.47,2186.37
0000000000f9_0051 1400813886.23 8,8,8 103.82,2363.16,2060.20
0000000000f9_0051 1400814082.89
0000000000f9_0051 1400814379.12
0000000000f9_0051 1400814503.22
0000000000f9_0051 1400814654.49
