0000000000f9_0057 1400867039.4
0000000000f9_0082 1400867039.37
0000000000f9_0058 1400867039.57
0000000000f9_0082 1400867174.45
0000000000f9_0034 1400867039.12
0000000000f9_0065 1400867039.25
0000000000f9_0058 1400867115.35 1 260.97
0000000000f9_0034 1400867307.74
0000000000f9_0076 1400867039.19
0000000000f9_0066 1400867039.12
0000000000f9_0058 1400867203.32 1 386.16
0000000000f9_008c 1400867038.24
0000000000f9_0057 1400867273.86 4,1,1 16.15,73.44,94.78
0000000000f9_0055 1400867039.48
0000000000f9_0068 1400867039.36
0000000000f9_0058 1400867499.39 1,1 330.02,264.80
0000000000f9_0076 1400867279.8 1,1,1 914.66,785.19,855.76
0000000000f9_0057 1400867536.6 4,1,1 96.75,110.80,193.72
0000000000f9_0082 1400867413.72 5,2,2 502.23,34.22,395.73
0000000000f9_0034 1400867537.79 1,5,1,3 207.11,726.44,727.12,694.41
0000000000f9_0058 1400867782.47 1,1 366.95,388.58
0000000000f9_0057 1400867623.57 4,1,1 306.81,226.54,329.59
0000000000f9_0076 1400867481.04 1,1,5,13 5.95,20.33,584.57,669.24
0000000000f9_0034 1400867640.88 1,5,1,3 7.74,330.74,297.04,319.97
0000000000f9_0058 1400867917.64 1,1 362.21,422.10
0000000000f9_0057 1400867883.29 4,1,1 799.93,132.48,122.53
0000000000f9_0066 1400867325.08 4,1,1 315.14,349.92,288.55
0000000000f9_0082 1400867678.01 5,2,2 425.64,39.82,260.13
0000000000f9_0034 1400867810.28 1,5,13 58.72,666.17,823.93
0000000000f9_0058 1400868013.6 1,1 687.76,695.50
0000000000f9_0068 1400867327.14 1,1,5,1 20.05,6.95,320.49,222.48
0000000000f9_0057 1400868031.31 4,1,1 141.79,296.12,298.51
0000000000f9_0066 1400867494.16 13,1 327.31,237.85
0000000000f9_007f 1400874342.27
0000000000f9_0058 1400868234.02 1,1 487.00,510.00
0000000000f9_0034 1400867981.25 1,5,13,3 114.26,128.25,242.23,143.98
0000000000f9_007f 1400874406.66
0000000000f9_0057 1400868269.16 4,1,1 332.14,232.11,232.26
0000000000f9_007f 1400874638.25
0000000000f9_001c 1400867039.44
0000000000f9_0082 1400867782.94 5,2,2 795.57,7.60,810.38
0000000000f9_0058 1400868508.47 1,1 416.40,450.04
0000000000f9_00c6 1400867040.42
0000000000f9_007f 1400874771.88
0000000000f9_0034 1400868224.28 1,5,13,3 10.45,282.43,392.55,330.10
0000000000f9_0066 1400867766.33 4,1,1 128.83,102.09,134.40
0000000000f9_007f 1400874987.67
0000000000f9_0055 1400867265.21 11,4,1 93.95,998.90,870.38
0000000000f9_0057 1400868357.34 4,1,1 324.13,269.62,381.44
0000000000f9_0058 1400868795.62 3,1 492.45,386.44
0000000000f9_007f 1400875286.41
0000000000f9_0034 1400868304.4 1,5,13 88.58,226.41,319.47
0000000000f9_0066 1400867856.64 4,1,1 399.48,675.12,927.07
0000000000f9_007f 1400875396.05
0000000000f9_0082 1400867921.33 5,2,2 812.87,1000.96,993.71
0000000000f9_007f 1400875622.7
0000000000f9_0057 1400868571.76 4,1,1 377.21,345.29,341.57
0000000000f9_0058 1400868887.83 1,1 486.66,288.02
0000000000f9_00a6 1400867039.5
0000000000f9_0076 1400867765.66 1,3,1,5,1,3 59.28,2009.88,434.61,461.36,403.88,1029.09
0000000000f9_0055 1400867479.43 11,4,1 2251.71,866.53,965.55
0000000000f9_0066 1400867925.92 1,1 607.74,752.00
0000000000f9_007f 1400875705.4
0000000000f9_0034 1400868509.8 1,5,1,3 116.06,847.43,547.08,621.15
0000000000f9_007f 1400875821.25
0000000000f9_00a6 1400867300.82 1,1,1 18.21,3.92,8.20
0000000000f9_0057 1400868661.88 4,13,1 157.50,437.73,286.28
0000000000f9_0058 1400868991.3 1,1 477.54,472.40
0000000000f9_00c6 1400867223.32
0000000000f9_0083 1400867040.14
0000000000f9_007f 1400875961.12
0000000000f9_0034 1400868646.14 1,5,13 10.37,749.32,748.20
0000000000f9_0055 1400867678.93 11,4,1 733.34,606.91,492.27
0000000000f9_0066 1400868074.79 4,1,1 1340.58,846.70,1449.73
0000000000f9_007f 1400876030.01
0000000000f9_0076 1400867976.46 1,3,1,5,1,3 119.58,1988.29,6.07,639.79,413.10,660.80
0000000000f9_0083 1400867286.57
0000000000f9_0082 1400868181.73 5,2,2 1164.48,43.55,1213.81
0000000000f9_0057 1400868750.16 4,13,1 258.38,402.00,339.47
0000000000f9_0058 1400869215.73 1,1 419.34,551.06
0000000000f9_007f 1400876241.93
0000000000f9_0066 1400868246.22 1,1 199.18,202.86
0000000000f9_0083 1400867450.03
0000000000f9_0096 1400867040.22
0000000000f9_00d1 1400867039.98
0000000000f9_007f 1400876380.86
0000000000f9_0034 1400868730.52 1,5,1,3 39.77,589.22,471.58,551.75
0000000000f9_00d1 1400867211.16
0000000000f9_0068 1400867517.21 1,3,1,5,1,3 19.49,1857.95,5.74,303.57,221.33,336.93
0000000000f9_0083 1400867518.66
0000000000f9_00d1 1400867491.35
0000000000f9_003f 1400867040.74
0000000000f9_00d1 1400867702.61
0000000000f9_0055 1400867752.79 11,4,1 667.03,653.91,672.34
0000000000f9_00d1 1400867932.87
0000000000f9_0083 1400867753.45
0000000000f9_00d1 1400868023.08
0000000000f9_0057 1400868884.46 4,13,1 391.16,469.55,413.77
0000000000f9_00d1 1400868285.37
0000000000f9_0082 1400868464.67 5,2,13 89.38,7.51,128.92
0000000000f9_007f 1400876674.61
0000000000f9_00d1 1400868573.63
0000000000f9_00d1 1400868858.88
0000000000f9_0066 1400868413.06 4,1,1 777.02,651.00,688.82
0000000000f9_0034 1400868974.81 1,5,1,3 25.64,428.77,298.09,1239.47
0000000000f9_00d1 1400869027.05
0000000000f9_0076 1400868236.69 1,3,1,5,1,3 74.68,2305.17,1162.29,824.54,1113.32,1141.74
0000000000f9_007f 1400876871.26
0000000000f9_007f 1400877021.84
0000000000f9_0083 1400867824.35
0000000000f9_00d1 1400869235.31
0000000000f9_00d1 1400869484.48
0000000000f9_007f 1400877114.6
0000000000f9_0055 1400868035.31 11,4,1 692.25,594.98,437.79
0000000000f9_00d1 1400869575.77
0000000000f9_0083 1400868014.27
0000000000f9_00d1 1400869778.06
0000000000f9_0057 1400869164.71 4,13,1 191.05,409.68,253.25
0000000000f9_00ca 1400867040.97
0000000000f9_00d1 1400870017.34
0000000000f9_0083 1400868154.03
0000000000f9_007f 1400877410.4
0000000000f9_00ca 1400867160.16
0000000000f9_00d1 1400870185.6
0000000000f9_00a8 1400867041.51
0000000000f9_0034 1400869227.06 1,5,1 159.82,644.32,567.29
0000000000f9_00a6 1400867438.09 8,1,1 109.97,1330.23,46.04
0000000000f9_00ca 1400867427.33
0000000000f9_00d1 1400870337.9
0000000000f9_0096 1400867186.67 4 145.00
0000000000f9_0083 1400868252.07
0000000000f9_00ca 1400867577.5
0000000000f9_00d1 1400870571.19
0000000000f9_0066 1400868589.67 4,1,1 824.87,693.37,814.30
0000000000f9_00ca 1400867802.76
0000000000f9_007f 1400877670.07
0000000000f9_00ca 1400867909.05
0000000000f9_0083 1400868340.08
0000000000f9_00a8 1400867159.74 1 40.45
0000000000f9_00a6 1400867692.93 1,1,1 313.84,344.67,348.86
0000000000f9_0055 1400868306.32 11,4,1 973.71,13.31,548.97
0000000000f9_00ca 1400868032.27
0000000000f9_00ca 1400868236.57
0000000000f9_0076 1400868499.02 1,1,5,1,3 96.51,19.66,519.25,293.18,381.98
0000000000f9_00ca 1400868469.86
0000000000f9_0057 1400869300.64 4,13,1 804.27,224.49,384.67
0000000000f9_0096 1400867333.73 4,4,4 178.39,270.75,262.58
0000000000f9_0083 1400868473.03
0000000000f9_00ca 1400868727.11
0000000000f9_0034 1400869402.06 1,5,13,3 27.43,216.50,295.35,335.32
0000000000f9_00ca 1400868990.33
0000000000f9_0083 1400868751.95
0000000000f9_00ca 1400869185.56
0000000000f9_003a 1400867041.42
0000000000f9_00ca 1400869390.82
0000000000f9_0066 1400868878.77 4,1,1 445.08,643.82,637.72
0000000000f9_00ca 1400869681.08
0000000000f9_0058 1400869464.12 8,1 543.17,529.40
0000000000f9_0082 1400868749.22 5,2,2 237.44,140.04,7.44
0000000000f9_00ca 1400869779.37
0000000000f9_0096 1400867455.87 4,4,4 125.04,130.75,174.85
0000000000f9_0068 1400867684.8 1,3,1,5,1,3 80.60,460.79,924.57,828.99,929.38,811.54
0000000000f9_0083 1400868996.67
0000000000f9_0057 1400869552.62 4,1,1 266.27,203.53,268.49
0000000000f9_00ca 1400870050.63
0000000000f9_00a6 1400867829.64 3,1,1 28.22,106.23,91.21
0000000000f9_0055 1400868564.27 11,4,13 1893.83,19.92,180.51
0000000000f9_00ca 1400870317.89
0000000000f9_0076 1400868638.07 3,1,5,1,3 356.02,23.36,1214.59,1294.82,1275.89
0000000000f9_0034 1400869699.11 1,5,1,3 46.65,389.95,285.66,244.21
0000000000f9_00ca 1400870518.14
0000000000f9_0083 1400869106.34
0000000000f9_00a6 1400867983.43 1,1,1 241.55,296.73,277.76
0000000000f9_0058 1400869613.37 1,1 448.63,440.44
0000000000f9_0066 1400869173.05 4,1,1 90.51,393.43,385.98
0000000000f9_0096 1400867642.5 4,4,4 212.68,238.95,208.24
0000000000f9_0083 1400869208.14
0000000000f9_00a6 1400868254.19 1,1,1 2.09,195.40,194.79
0000000000f9_00c6 1400867390.57 12,10 253.90,331.53
0000000000f9_0055 1400868795.11 11,4,1 1101.37,1389.84,1395.66
0000000000f9_0057 1400869762.71 4,1,1 315.03,254.26,296.38
0000000000f9_00c6 1400867618.88 12,10 215.53,376.93
0000000000f9_00b5 1400867041.38
0000000000f9_0083 1400869382.94
0000000000f9_00a6 1400868397.76 1,1,1 1126.49,139.39,138.28
0000000000f9_0034 1400869882.21 1,5,1,3 67.18,363.61,253.69,476.40
0000000000f9_0076 1400868721.03 3,1,5,13,3 148.48,33.00,883.94,824.03,923.34
0000000000f9_00b5 1400867273.81
0000000000f9_00c6 1400867827.96 12,10 245.08,192.74
0000000000f9_0058 1400869721.71 1,1 419.64,515.28
0000000000f9_0083 1400869660.74
0000000000f9_0096 1400867809.79 4,4,4 279.12,433.09,414.47
0000000000f9_00a6 1400868501.2 1,1,1 766.49,3.69,39.84
0000000000f9_0055 1400869009.71 11,4,1 1879.36,965.72,943.48
0000000000f9_003f 1400867272.39 12,4 141.29,153.94
0000000000f9_00b5 1400867487.27
0000000000f9_00a6 1400868747.83 1,1,1 32.40,179.75,186.77
0000000000f9_0082 1400868873.34 5,2,2 1030.20,1487.72,1533.15
0000000000f9_0083 1400869893.47
0000000000f9_0066 1400869438.02 4,1,1 244.31,197.47,245.72
0000000000f9_0057 1400869875.02 4,1,1 254.66,334.80,501.07
0000000000f9_00b5 1400867779.94
0000000000f9_0034 1400870008.11 1,5,13 13.26,185.69,251.98
0000000000f9_0096 1400867875.96 4,4,4 775.60,252.18,192.10
0000000000f9_0058 1400869877.03 3,1 588.34,406.24
0000000000f9_00c6 1400867910.43 12,10 295.09,158.19
0000000000f9_00a6 1400868849.35 1,1,1 81.29,73.48,85.40
0000000000f9_0083 1400870163.13
0000000000f9_003f 1400867465.12 12,4 142.73,141.06
0000000000f9_00b5 1400867920.6
0000000000f9_00a6 1400869082.76 1,1,1 86.03,85.49,84.06
0000000000f9_0083 1400870306.74
0000000000f9_003f 1400867604.95 4 121.55
0000000000f9_0055 1400869206.86 11,4,1 1765.89,334.72,438.09
0000000000f9_00b5 1400868206.27
0000000000f9_00c6 1400867982.58 10 99.35
0000000000f9_0076 1400868959.74 1,3,1,5,1 71.91,2336.60,929.28,852.32,943.56
0000000000f9_00a6 1400869343.25 1,1,1 175.38,119.85,108.29
0000000000f9_0058 1400869974.56 1,1 506.35,544.00
0000000000f9_0096 1400868103.72 4,4,4 411.43,473.20,457.72
0000000000f9_0034 1400870127.45 1,5,1 26.84,639.96,647.02
0000000000f9_0083 1400870399.51
0000000000f9_0057 1400869997.16 4,1,1 300.77,365.66,323.26
0000000000f9_00ab 1400867041.53
0000000000f9_00b5 1400868290.04
0000000000f9_0068 1400867777.35 1,3,1,5,1,3 77.21,351.72,289.93,327.95,310.36,1100.15
0000000000f9_00a6 1400869467.7 1,1,1 3.65,5.62,32.43
0000000000f9_0083 1400870517.31
0000000000f9_003f 1400867799.13 12,4 165.29,155.51
0000000000f9_00c6 1400868125.67 10 262.32
0000000000f9_00b5 1400868454.84
0000000000f9_00a6 1400869744.09 3,1,1 117.35,122.23,137.92
0000000000f9_0096 1400868183.62 4,4,4 189.84,241.09,231.91
0000000000f9_0058 1400870102.03 1,1 381.49,564.72
0000000000f9_0066 1400869651.14 4,1,1 215.57,214.87,293.81
0000000000f9_0083 1400870591.17
0000000000f9_003f 1400868009.27 4 188.78
0000000000f9_00a6 1400869853.4 3,1,1 35.88,59.50,47.31
0000000000f9_0034 1400870254.85 1,5,13,3 108.46,438.02,557.29,409.73
0000000000f9_00b5 1400868637.64
0000000000f9_0057 1400870227.36 4,13,1 195.86,595.12,472.75
0000000000f9_00a6 1400869975.91 3,1,1 526.43,446.52,85.93
0000000000f9_0082 1400868954.1 5,2,2 1004.24,943.77,980.89
0000000000f9_00b5 1400868713.47
0000000000f9_0093 1400867042.34
0000000000f9_00a9 1400867040.58
0000000000f9_00c6 1400868347.6 12,10 892.98,342.70
0000000000f9_0058 1400870256.32 1,1 159.62,19.66
0000000000f9_0055 1400869391.13 11,4,1 137.70,297.32,471.06
0000000000f9_00aa 1400867041.65
0000000000f9_00bf 1400867042.18
0000000000f9_0090 1400867042.44
0000000000f9_0092 1400867042.56
0000000000f9_0091 1400867042.28
0000000000f9_0066 1400869791.21 4,1,1 284.49,283.28,307.12
0000000000f9_00a6 1400870169.48 3,1,1 95.67,152.44,150.14
0000000000f9_00b5 1400868985.27
0000000000f9_0034 1400870343.39 1,5,13 8.61,678.60,881.97
0000000000f9_0057 1400870384.17 4,1,1 28.15,52.23,46.51
0000000000f9_00a6 1400870284.12 1,1,1 37.87,210.37,198.64
0000000000f9_00aa 1400867206.93
0000000000f9_00bf 1400867118.43 5,2 81.50,85.61
0000000000f9_0091 1400867172.19
0000000000f9_00b5 1400869218.07
0000000000f9_003f 1400868157.4 12,4 269.71,271.57
0000000000f9_0058 1400870356.97 8,1 615.09,663.61
0000000000f9_00bf 1400867286.54 5,2 96.81,6.42
0000000000f9_0096 1400868297.05 4,4,4 37.63,826.26,120.79
0000000000f9_0096 1400868492.19 4,4,4 9.32,89.46,7.56
0000000000f9_00ab 1400867229.85 4,2,1 6.75,25.38,13.34
0000000000f9_003f 1400868249.58 12,4 164.90,153.55
0000000000f9_00a6 1400870474.6 3,1,1 24.70,85.54,91.89
0000000000f9_0055 1400869568.36 11,4,1 1217.75,391.68,391.84
0000000000f9_0076 1400869083.38 1,3,1,5,1 170.40,2250.49,655.74,714.54,679.94
0000000000f9_00bf 1400867428.76 5,13,13 34.49,169.79,137.49
0000000000f9_0047 1400867042.51
0000000000f9_0066 1400869860.35 4,1,1 345.84,271.99,400.61
0000000000f9_00aa 1400867278.35 1 114.86
0000000000f9_00b5 1400869434.69
0000000000f9_0091 1400867367.21 10 303.25
0000000000f9_00bf 1400867685.04 5,2,13 20.85,4.46,144.72
0000000000f9_003f 1400868344.95 4 367.30
0000000000f9_00c6 1400868606.87 12,10 304.94,328.86
0000000000f9_00bf 1400867946.26 5,13,13 13.52,132.16,152.72
0000000000f9_0034 1400870423.16 1,5,1,3 625.12,692.81,621.94,703.52
0000000000f9_00b5 1400869635.39
0000000000f9_00aa 1400867413.9 1 157.55
0000000000f9_00a8 1400867456.09 11,11,1,1 111.61,108.26,12.74,44.44
0000000000f9_0096 1400868633.74 4,4,4 215.18,296.61,425.19
0000000000f9_0058 1400870570.59 1,1 545.49,614.59
0000000000f9_0057 1400870480.95 4,13,1 1041.47,138.33,35.45
0000000000f9_0091 1400867506.22 6 188.06
0000000000f9_00bf 1400868084.48 5,13 167.10,62.39
0000000000f9_003a 1400867326.35 4,2,3 1002.71,1687.35,1603.23
0000000000f9_00bf 1400868362.71 5,13,13 15.10,252.18,137.87
0000000000f9_00bc 1400867042.27
0000000000f9_0082 1400869243.41 5,2,2 526.83,84.94,409.13
0000000000f9_0066 1400870024.35 4,1,1 1043.82,533.09,706.03
0000000000f9_00b5 1400869887.05
0000000000f9_003f 1400868509.18 4 218.38
0000000000f9_00bf 1400868422.93 5,2,13 18.22,4.73,49.17
0000000000f9_00aa 1400867608.71 1 246.57
0000000000f9_00a8 1400867672.41 11,11,1,1 181.25,100.76,43.13,44.33
0000000000f9_00bf 1400868681.2 5,2,13 16.47,4.39,57.49
0000000000f9_0091 1400867724.74 6 510.70
0000000000f9_00aa 1400867863.4 1 195.66
0000000000f9_00c6 1400868719.33 12,10 201.93,157.18
0000000000f9_00ab 1400867364.31 4,1,2,1,1,3 32.16,47.66,47.25,39.86,39.95,7.86
0000000000f9_00b5 1400870021.9
0000000000f9_0096 1400868920.85 4,4,4 192.54,212.86,236.19
0000000000f9_00bf 1400868912.48 5,2,13 11.10,4.26,31.58
0000000000f9_00a8 1400867950.91 11,11,1,1 93.92,242.77,114.39,117.90
0000000000f9_0034 1400870563.87 1,5,1,3 448.90,475.82,29.80,596.41
0000000000f9_00bc 1400867145.57
0000000000f9_00bf 1400869015.73 5,2,13 12.47,4.65,146.20
0000000000f9_003f 1400868789.25 12,4 333.44,254.13
0000000000f9_0055 1400869990.96 11,4,1 87.46,331.82,458.38
0000000000f9_00b5 1400870246.61
0000000000f9_00bf 1400869302.0 5,2,13 12.15,4.36,128.63
0000000000f9_0066 1400870278.99 4,1,1 347.73,627.74,683.65
0000000000f9_0068 1400868009.75 1,3,1,5,13,3 38.52,84.47,59.41,179.46,179.91,14.92
0000000000f9_00ab 1400867630.77 4,1,2,1,1,3 404.20,94.50,20.36,5.55,8.13,977.25
0000000000f9_0092 1400867118.57 10 239.69
0000000000f9_00a8 1400868117.44 11,11,1,1 120.96,215.00,142.38,126.74
0000000000f9_00aa 1400868014.9 1 77.94
0000000000f9_00bf 1400869534.14 5,2,13 22.59,4.33,129.85
0000000000f9_0091 1400868013.88 6 269.08
0000000000f9_00c6 1400868893.9 12,10 429.93,416.86
0000000000f9_0076 1400869198.8 1,3,1,5,13,3 185.67,1763.89,8.64,489.77,727.18,658.55
0000000000f9_00bf 1400869685.45 5,2 158.67,37.17
0000000000f9_00b5 1400870485.42
0000000000f9_0096 1400869169.46 4,4,4 201.27,253.51,262.65
0000000000f9_00bf 1400869793.84 5,2 107.10,123.73
0000000000f9_003f 1400869039.17 4 301.36
0000000000f9_00a8 1400868228.91 11,1,1 476.60,9.46,6.49
0000000000f9_00ab 1400867776.49 4,1,2,1,1 34.73,103.99,92.25,193.56,236.61
0000000000f9_00aa 1400868109.57 1 161.38
0000000000f9_00b5 1400870638.09
0000000000f9_0066 1400870525.41 4,1,1 338.22,526.79,487.73
0000000000f9_0091 1400868094.34 10 576.18
0000000000f9_00bf 1400869987.14 5,2,13 18.60,13.89,38.37
0000000000f9_00a8 1400868432.32 11,11,1,1 541.33,89.98,691.14,691.83
0000000000f9_00bf 1400870073.53 5,2,13 78.90,123.07,261.99
0000000000f9_0047 1400867240.16 11,11,11 105.21,60.91,206.06
0000000000f9_0055 1400870138.2 11,4,1 239.88,309.37,390.36
0000000000f9_00aa 1400868309.38 1 83.52
0000000000f9_00ab 1400867867.96 4,1,2,1,1 14.02,8.18,20.27,59.99,62.88
0000000000f9_00bf 1400870136.77 5,13,13 18.13,165.36,43.87
0000000000f9_0096 1400869420.31 4,4,4 918.55,228.82,294.84
0000000000f9_00c6 1400869014.25 12,10 344.84,400.16
0000000000f9_0082 1400869536.52 5,2,2 368.47,120.89,281.56
0000000000f9_003f 1400869214.13 12,4 249.31,250.42
0000000000f9_00bf 1400870416.03 5,13,13 12.74,115.15,61.62
0000000000f9_00a8 1400868538.1 11,1,1 340.40,259.58,264.12
0000000000f9_0091 1400868175.8 6 500.18
0000000000f9_0076 1400869301.37 1,3,1,5,1 29.33,1679.27,9.07,770.52,733.21
0000000000f9_00bf 1400870620.32 5,13,13 13.78,147.43,134.96
0000000000f9_00ab 1400867999.28 4,1,2,1,1 269.19,516.93,225.33,260.92,230.55
0000000000f9_00aa 1400868445.99 1 137.64
0000000000f9_00a3 1400867041.39
0000000000f9_00a8 1400868658.84 11,11,1,1 209.79,112.78,149.80,148.88
0000000000f9_0093 1400867150.06 10,12 146.55,144.07
0000000000f9_0091 1400868257.37 6 533.49
0000000000f9_0096 1400869500.65 4,4,4 227.73,313.62,345.21
0000000000f9_003f 1400869351.32 4 67.91
0000000000f9_00ab 1400868199.59 4,1,2,1,1 17.26,3.15,862.30,9.63,5.04
0000000000f9_00c6 1400869178.99 12,10 265.05,237.86
0000000000f9_0047 1400867497.24 11,11,11,6 341.69,188.19,207.77,326.66
0000000000f9_0055 1400870418.56 11,4,1 1465.46,401.86,427.59
0000000000f9_00aa 1400868570.54 1 104.32
0000000000f9_00a8 1400868792.51 11,11,1,1 465.09,512.76,226.56,214.48
0000000000f9_0091 1400868349.4 6 783.65
0000000000f9_003f 1400869466.44 4 354.22
0000000000f9_00c6 1400869392.27 10 102.73
0000000000f9_00a7 1400867039.25
0000000000f9_00ab 1400868391.17 4,1,2,1,1 398.69,366.53,55.26,113.42,87.35
0000000000f9_0093 1400867362.32 10,12,6 148.81,457.72,345.81
0000000000f9_0090 1400867235.31 10,1,10,10 119.37,5.11,157.29,236.47
0000000000f9_00aa 1400868798.09 1 136.92
0000000000f9_00a8 1400868896.31 11,11,1,1 631.73,298.08,194.71,206.84
0000000000f9_0096 1400869667.98 4,4,4 236.80,284.46,371.04
0000000000f9_00a7 1400867307.48 1 10.48
0000000000f9_00a4 1400867038.97
0000000000f9_0091 1400868417.48 10 821.54
0000000000f9_00ab 1400868659.69 4,1,2,1,1 233.89,221.77,61.34,64.69,88.68
0000000000f9_0092 1400867282.14 10,10,6 521.87,682.80,570.74
0000000000f9_00a9 1400867277.92 10,5,1,1 115.07,122.46,16.24,37.78
0000000000f9_00a7 1400867444.94 1 68.87
0000000000f9_003f 1400869713.53 12,4 348.93,297.66
0000000000f9_0047 1400867667.48 11,11,11,6 433.77,97.62,131.29,361.93
0000000000f9_00aa 1400869031.65 1 139.19
0000000000f9_00a3 1400867310.86 4,2,1,1,3 6.66,88.65,100.07,89.54,111.85
0000000000f9_00a8 1400869189.85 11,11,1,1 120.19,239.37,149.03,144.87
0000000000f9_0093 1400867492.78 10,12,6 748.20,506.02,398.02
0000000000f9_0082 1400869794.7 5,2,2 485.20,56.43,436.90
0000000000f9_00ab 1400868882.01 4,1,2,1,1 47.92,365.94,414.13,29.57,17.99
0000000000f9_00c6 1400869590.78 12,10 32.10,48.59
0000000000f9_0090 1400867512.53 10,1,10,10 130.75,8.26,451.08,355.20
0000000000f9_0096 1400869857.41 4,4,4 206.72,251.61,214.08
0000000000f9_00a8 1400869467.18 11,1,1 143.85,43.56,56.13
0000000000f9_00a7 1400867661.63 1 226.91
0000000000f9_00aa 1400869224.31 1 202.43
0000000000f9_0068 1400868122.05 1,3,1,5,1 28.95,201.76,932.61,690.95,962.57
0000000000f9_00bc 1400867329.93 4,4,4,12 116.61,83.86,14.83,60.73
0000000000f9_00a9 1400867499.21 10,5,1,1 111.03,220.26,31.22,19.06
0000000000f9_0091 1400868601.26 10 820.72
0000000000f9_003f 1400869895.82 4 116.53
0000000000f9_00a7 1400867829.57 1 230.28
0000000000f9_0092 1400867406.6 1,10,10 904.63,601.41,571.83
0000000000f9_00ab 1400869056.57 4,1,2,1,1 415.33,410.26,387.01,115.78,80.17
0000000000f9_00a8 1400869632.51 11,1,1 122.59,49.34,50.11
0000000000f9_00a5 1400867039.56
0000000000f9_0048 1400867043.49
0000000000f9_00a7 1400868115.76 1 663.46
0000000000f9_0093 1400867719.82 10,12,6 1510.68,849.95,824.94
0000000000f9_0048 1400867248.14
0000000000f9_0076 1400869448.71 1,3,1,5,1,3 1064.40,1640.98,758.71,1039.73,1045.17,1044.49
0000000000f9_00a3 1400867536.07 1,2,1,5,3 17.32,543.03,2.79,84.18,27.50
0000000000f9_0096 1400870044.83 4,4,4 206.71,272.58,361.96
0000000000f9_00aa 1400869321.75 1 84.59
0000000000f9_00a8 1400869919.92 1 117.13
0000000000f9_00a4 1400867249.23 1,1,1 1.93,23.70,21.30
0000000000f9_0090 1400867803.62 10,1,10,10 1072.51,4.97,99.38,23.41
0000000000f9_00a7 1400868318.06 1 373.13
0000000000f9_0091 1400868721.32 6 533.91
0000000000f9_00ab 1400869158.05 4,1,2,1,1 330.33,34.66,64.07,117.22,118.40
0000000000f9_00a9 1400867644.52 10,5,1,13 1917.86,87.85,12.80,142.40
0000000000f9_0048 1400867506.15 7 304.92
0000000000f9_00aa 1400869474.33 1 131.19
0000000000f9_003f 1400870079.89 12,4 246.86,229.06
0000000000f9_0092 1400867472.38 1,10,10 294.06,745.47,552.93
0000000000f9_0047 1400867776.35 11,11,11,6 613.13,53.66,141.78,618.54
0000000000f9_00a7 1400868541.53 1 96.50
0000000000f9_0093 1400867792.45 10,12,10 1697.24,630.25,462.50
0000000000f9_00c6 1400869871.07 12,10 420.85,402.13
0000000000f9_00a8 1400870031.2 11,11,1,1 102.24,86.87,18.64,20.98
0000000000f9_00a5 1400867215.87 1 82.89
0000000000f9_00aa 1400869583.03 1 161.84
0000000000f9_00a3 1400867776.95 4,2,1,1 12.62,104.90,314.44,368.47
0000000000f9_00ab 1400869352.56 4,1,2,1,1 52.91,87.66,144.04,86.44,143.10
0000000000f9_00a9 1400867859.41 10,5,1,1 198.30,313.20,249.01,246.56
0000000000f9_0091 1400868833.69 10 1212.93
0000000000f9_00a7 1400868700.44 1 239.92
0000000000f9_0096 1400870185.82 4,4,4 13.28,15.30,10.19
0000000000f9_00a8 1400870187.49 1,1 180.57,8.13
0000000000f9_00aa 1400869809.43 1 87.86
0000000000f9_0048 1400867703.15 7 189.09
0000000000f9_003f 1400870265.18 4 87.39
0000000000f9_003a 1400867476.58 2,13,2,3 575.97,1407.88,1208.13,1348.77
0000000000f9_00c6 1400870116.27 10 101.91
0000000000f9_00a7 1400868875.79 1 102.47
0000000000f9_00bc 1400867436.05 4,4,4,12 324.22,92.30,39.06,97.04
0000000000f9_0090 1400868079.89 10,1,10,6 599.02,1013.44,456.23,425.76
0000000000f9_00aa 1400869967.9 1 52.89
0000000000f9_00a9 1400868036.81 10,5,1,1 138.40,114.75,3.85,40.95
0000000000f9_00a5 1400867441.24 1,1 24.97,38.00
0000000000f9_0092 1400867759.52 1,10,10 444.58,890.12,780.44
0000000000f9_0048 1400867924.24 18 382.16
0000000000f9_0091 1400869044.34 6 608.03
0000000000f9_00a7 1400868966.13 1 16.96
0000000000f9_00a3 1400867959.58 4,2,13,1 96.82,30.55,195.53,23.71
0000000000f9_00a8 1400870420.34 11,11,1,1 90.45,356.50,280.75,280.94
0000000000f9_0093 1400867913.89 10,12,10 912.32,1050.04,802.48
0000000000f9_0096 1400870376.19 4,4,4 150.39,236.16,266.96
0000000000f9_00a5 1400867536.51 1,1 38.37,26.86
0000000000f9_0082 1400869940.83 5,2,13 279.30,44.95,453.75
0000000000f9_00a7 1400869065.82 1 295.83
0000000000f9_003f 1400870498.85 12,4 37.93,318.73
0000000000f9_00aa 1400870073.16 1 15.05
0000000000f9_00a9 1400868318.09 10,5,1,1 761.39,83.99,381.70,409.90
0000000000f9_0076 1400869705.07 1,3,1,5,1 67.03,83.15,124.88,684.32,517.25
0000000000f9_0047 1400868038.69 11,11,11,11 545.28,228.63,245.12,554.87
0000000000f9_00ab 1400869723.42 4,1,2,1,1 86.01,85.30,64.69,101.69,101.77
0000000000f9_00a7 1400869265.43 1 141.38
0000000000f9_0091 1400869155.8 6 240.94
0000000000f9_00aa 1400870282.61 1 78.16
0000000000f9_00a3 1400868215.33 1,2,1,1 8.02,128.32,180.91,158.30
0000000000f9_0048 1400868171.22 18 345.62
0000000000f9_00a7 1400869384.65 1 4.76
0000000000f9_0092 1400867882.56 10,10,10 756.71,842.09,791.33
0000000000f9_00a9 1400868473.38 10,5,1,13 1573.74,1517.74,3.46,147.05
0000000000f9_0090 1400868152.72 10,1,10,6 954.48,545.10,815.15,529.39
0000000000f9_00aa 1400870574.94 1 27.78
0000000000f9_0093 1400868174.29 10,12,6 895.04,555.32,497.00
0000000000f9_00ab 1400869784.62 4,1,2,1,1 559.50,78.73,16.94,19.82,24.19
0000000000f9_00a7 1400869478.24 1 113.73
0000000000f9_00a9 1400868682.98 5,1,1 173.01,96.03,124.34
0000000000f9_0096 1400870570.87 4,4,4 200.03,255.44,246.33
0000000000f9_00a3 1400868341.94 4,2,1,1 56.38,1027.60,78.59,74.91
0000000000f9_0091 1400869265.21 10 622.16
0000000000f9_00a7 1400869620.53 1 334.12
0000000000f9_00a9 1400868877.2 10,5,1,13 115.76,93.18,5.01,135.25
0000000000f9_00ab 1400870061.81 4,1,2,1,1 40.28,105.85,120.65,3.31,3.28
0000000000f9_00bc 1400867713.61 4,4,4,12 86.05,82.93,9.77,98.96
0000000000f9_0092 1400868054.34 1,10,10 1446.12,725.65,501.92
0000000000f9_0048 1400868358.24 7 277.91
0000000000f9_004d 1400867045.72
0000000000f9_0093 1400868290.36 10,12,10 1034.13,1097.23,987.03
0000000000f9_00a7 1400869747.17 1 159.23
0000000000f9_0091 1400869410.68 10 616.05
0000000000f9_0090 1400868383.66 10,1,10,6 1796.57,442.64,694.55,514.25
0000000000f9_00a3 1400868572.49 1,2,1,1 480.48,242.11,94.51,256.95
0000000000f9_0076 1400869838.41 1,3,1,5,1,3 26.26,1483.41,10.74,464.38,359.75,463.40
0000000000f9_00a9 1400869080.72 10,5,1,1 209.78,209.96,112.87,105.65
0000000000f9_0082 1400870124.12 5,2,2 479.45,87.59,439.63
0000000000f9_0048 1400868442.45 7 448.49
0000000000f9_0047 1400868247.27 11,11,11,6 522.53,130.40,566.35,492.42
0000000000f9_00a7 1400870000.64 1 155.49
0000000000f9_00ab 1400870358.3 4,1,2,1,1 9.34,1.81,234.43,87.69,108.88
0000000000f9_00a9 1400869335.99 10,5,1,1 409.81,88.06,3.30,3.40
0000000000f9_0048 1400868659.67 18 368.22
0000000000f9_00a3 1400868826.69 4,2,1,1 36.21,407.62,3.67,3.52
0000000000f9_0091 1400869614.59 10 94.50
0000000000f9_0068 1400868193.22 1,3,1,5,1 57.04,996.42,988.32,556.47,1005.54
0000000000f9_0092 1400868141.19 10,10,10 939.06,729.39,588.44
0000000000f9_004d 1400867286.53 13,5,13 277.57,280.84,356.86
0000000000f9_0093 1400868357.67 10,12,10 777.20,957.33,863.68
0000000000f9_00c6 1400870311.75 12,10 182.80,197.83
0000000000f9_00a9 1400869550.37 5,1,1 121.82,40.39,40.43
0000000000f9_00ab 1400870571.7 4,1,2,13,1 186.71,107.22,77.22,200.10,63.87
0000000000f9_00a7 1400870154.09 1 70.88
0000000000f9_00a4 1400867423.43 8,1,1,13 91.72,206.14,20.22,234.09
0000000000f9_00c6 1400870387.69 12,10 58.66,65.35
0000000000f9_00a3 1400869011.11 1,2,1,1 55.20,54.14,117.49,112.01
0000000000f9_00a9 1400869640.8 5,1,1 186.32,87.85,110.88
0000000000f9_00c6 1400870459.25 12,10 490.73,393.52
0000000000f9_0090 1400868679.69 10,1,10,6 746.08,4.52,851.53,764.99
0000000000f9_00a7 1400870399.55 1 133.72
0000000000f9_0047 1400868317.78 11,11,11,11 403.39,243.84,157.61,426.39
0000000000f9_0091 1400869842.79 10 400.74
0000000000f9_00a9 1400869884.22 5,1 88.94,4.09
0000000000f9_0048 1400868755.07 18 324.95
0000000000f9_0092 1400868311.82 1,10,6 1269.09,914.00,805.19
0000000000f9_004d 1400867574.31 13,2,13 169.49,81.79,186.58
0000000000f9_00bc 1400867847.38 4,4,4,12 88.67,84.94,79.13,184.61
0000000000f9_0093 1400868522.16 10,12,10 669.41,475.50,576.12
0000000000f9_00a3 1400869140.69 1,2,1,1 42.08,75.83,135.02,143.38
0000000000f9_0076 1400869912.77 1,3,1,5,1 154.27,1107.69,7.72,642.10,509.13
0000000000f9_0091 1400869954.1 6 474.13
0000000000f9_00a9 1400870113.44 5,1,13 1065.90,3.20,131.09
0000000000f9_0048 1400868868.57 7 441.84
0000000000f9_0047 1400868587.3 11,11,6 516.27,189.57,514.84
0000000000f9_0090 1400868977.37 10,1,10,10 818.94,446.25,499.22,375.56
0000000000f9_00a9 1400870290.76 5,1,1 126.21,44.07,38.93
0000000000f9_00a3 1400869331.05 1,2,13,1 29.38,842.86,154.68,42.31
0000000000f9_0091 1400870055.26 6 444.68
0000000000f9_0082 1400870400.18 5,2,2 467.82,45.70,326.88
0000000000f9_00a4 1400867661.8 3,1,1,1 49.97,103.20,76.06,82.26
0000000000f9_00c6 1400870606.62 12,10 96.56,85.40
0000000000f9_004d 1400867864.68 13,5,13 434.76,630.80,694.87
0000000000f9_0048 1400868982.96 18 454.34
0000000000f9_0092 1400868607.21 10,10,10 395.56,978.56,867.61
0000000000f9_0093 1400868755.73 10,12,10 94.01,952.43,897.60
0000000000f9_00a9 1400870512.05 5,1,13 722.28,4.68,139.15
0000000000f9_00a5 1400867642.0 11,1 126.97,19.29
0000000000f9_00a3 1400869625.43 4,2,1,1 39.20,43.11,51.43,52.29
0000000000f9_00a4 1400867893.31 3,8,1,1,1 44.42,95.10,138.14,140.62,154.20
0000000000f9_00a5 1400867835.7 11,1 165.82,66.25
0000000000f9_0091 1400870349.43 6 327.15
0000000000f9_003a 1400867681.89 2,2,2 824.68,715.71,771.11
0000000000f9_00a5 1400867908.52 1,1 265.26,258.07
0000000000f9_0090 1400869148.43 10,1,10,10 1829.29,1047.61,473.72,456.74
0000000000f9_0047 1400868748.46 11,11,11 21.92,91.40,213.59
0000000000f9_00a3 1400869705.91 1,2,1,1 35.74,149.05,148.67,147.18
0000000000f9_004d 1400868066.67 13,2,13 308.03,145.37,239.99
0000000000f9_0093 1400868937.23 10,12,6 1621.64,1933.20,378.34
0000000000f9_0092 1400868843.75 10,10,6 924.40,474.45,504.63
0000000000f9_00bc 1400868143.03 4,4,4,12 92.08,90.65,100.14,129.50
0000000000f9_0048 1400869239.4 7 589.67
0000000000f9_00a5 1400868185.26 11,1 362.90,238.34
0000000000f9_00a4 1400868100.86 3,8,1,1,1 132.42,417.73,133.45,145.46,149.49
0000000000f9_00a5 1400868427.9 11,1 185.57,94.42
0000000000f9_0076 1400870079.15 1,3,1,5,1 89.82,1610.33,10.51,837.55,543.37
0000000000f9_0048 1400869445.65 7 400.13
0000000000f9_00a3 1400869804.13 4,2,1,5 50.35,181.00,396.15,103.88
0000000000f9_0091 1400870556.32 6 683.66
0000000000f9_0082 1400870638.01 5,2,13 91.56,9.63,141.11
0000000000f9_00a4 1400868166.37 3,8,1,1,1 171.04,1872.04,166.49,179.54,187.33
0000000000f9_004d 1400868217.77 13,2,13 304.14,283.86,394.80
0000000000f9_0090 1400869433.62 10,1,10,6 87.46,26.57,385.56,367.66
0000000000f9_0093 1400869137.24 10,12,6 1621.42,323.03,254.67
0000000000f9_0092 1400869085.93 1,10,6 787.73,346.54,188.61
0000000000f9_0048 1400869683.67 18 250.41
0000000000f9_00a3 1400869956.99 1,2,1,1 4.01,147.42,279.96,281.46
0000000000f9_00a4 1400868371.9 3,1,1,1 17.29,173.25,187.95,188.69
0000000000f9_004f 1400867045.0
0000000000f9_0048 1400869971.65 7 252.75
0000000000f9_0047 1400868829.69 11,11,6 657.57,194.51,864.67
0000000000f9_004d 1400868460.66 13,2,13 330.46,8.34,125.04
0000000000f9_00a3 1400870155.66 1,2,1,1 8.67,181.46,137.02,201.98
0000000000f9_0093 1400869320.62 10,12,6 1206.99,511.80,468.82
0000000000f9_0068 1400868380.93 1,3,1,5,1,3 40.75,1734.21,6.09,456.72,448.97,451.18
0000000000f9_0076 1400870182.53 1,3,1,5,1 149.58,109.91,9.10,593.39,507.52
0000000000f9_0092 1400869269.84 1,10,6 1153.15,126.80,271.99
0000000000f9_00a4 1400868577.44 3,8,1,1,1 15.75,90.11,1.75,146.55,144.98
0000000000f9_0090 1400869607.79 10,1,10,6 392.42,777.75,399.44,340.16
0000000000f9_00bc 1400868383.61 4,4,4,4 111.32,81.98,47.17,135.67
0000000000f9_00a3 1400870378.98 1,2,1,1 14.12,7.89,4.37,4.83
0000000000f9_0048 1400870239.68 18 269.28
0000000000f9_004f 1400867205.68
0000000000f9_0050 1400867043.32
0000000000f9_00a4 1400868747.72 3,8,1,1 451.63,491.12,30.70,3.91
0000000000f9_004d 1400868708.68 13,5,13 312.84,179.63,276.34
0000000000f9_0047 1400869117.91 11,11,11,6 305.04,208.11,236.75,248.21
0000000000f9_003a 1400867811.68
0000000000f9_0090 1400869771.88 10 386.21
0000000000f9_0048 1400870411.69 18 179.53
0000000000f9_0093 1400869558.27 10,12,10 327.54,1641.46,207.23
0000000000f9_0092 1400869433.73 10,10,10 96.32,99.04,95.85
0000000000f9_00a3 1400870474.49 1,2,1,1 47.36,135.87,100.58,134.39
0000000000f9_00a4 1400868930.95 3,8,1,1 129.69,349.71,1.20,6.67
0000000000f9_0048 1400870473.86 18 425.17
0000000000f9_0092 1400869512.55 10,10 1736.70,106.69
0000000000f9_004d 1400868862.74 13,5,13 302.62,229.14,342.23
0000000000f9_00a4 1400868995.3 3,8,1,1,1 47.95,266.58,19.12,190.60,19.61
0000000000f9_0093 1400869707.18 10,12,10 94.34,126.27,101.16
0000000000f9_0076 1400870385.19 1,3,1,5,13,3 147.32,1670.22,95.43,742.43,711.58,746.77
0000000000f9_0090 1400869962.37 10,1,10,10 130.62,18.05,618.94,540.80
0000000000f9_00bc 1400868582.11 4,4,4,12 106.57,83.94,63.63,100.87
0000000000f9_0047 1400869297.17 11,11,11,11 386.84,121.37,186.59,337.97
0000000000f9_00a4 1400869075.86 3,8,1,1,1 199.65,99.92,181.15,199.72,175.50
0000000000f9_004d 1400868925.12 13,2,13 536.11,436.70,611.79
0000000000f9_0092 1400869786.75 1,10,6 401.71,321.03,354.97
0000000000f9_0093 1400869790.59 10,12,10 1255.38,530.24,444.22
0000000000f9_0047 1400869588.31 6 431.48
0000000000f9_004f 1400867367.67 5,5,5 352.18,504.40,407.57
0000000000f9_0090 1400870108.67 10,1,10,10 673.54,79.22,508.21,364.08
0000000000f9_00a4 1400869213.39 3,8,1,1,1 275.84,441.21,134.60,145.52,145.86
0000000000f9_00a5 1400868651.38 11,1 167.63,79.72
0000000000f9_004d 1400869004.61 13,2,13 304.19,343.07,521.03
0000000000f9_0092 1400869948.97 1,10,6 1281.05,382.13,306.69
0000000000f9_0093 1400869953.83 10,12,10 2773.01,462.86,412.70
0000000000f9_00a4 1400869278.03 3,8,1,1,1 207.63,291.71,213.14,226.65,216.86
0000000000f9_003a 1400868098.44
0000000000f9_00bc 1400868756.39 4,4,4,4 89.20,105.69,177.91,707.43
0000000000f9_0090 1400870188.03 10,1,10,6 1604.95,160.10,491.54,427.56
0000000000f9_0047 1400869795.33 6 319.60
0000000000f9_0076 1400870530.04 1,3,1,5,1,3 278.58,1642.99,8.51,890.84,986.18,918.51
0000000000f9_00a5 1400868940.61 1,1 29.05,28.64
0000000000f9_004d 1400869221.14 13,2,13 653.88,476.34,730.05
0000000000f9_00a4 1400869396.59 3,8,1,1,1 263.73,235.40,2.53,143.20,133.02
0000000000f9_0068 1400868647.67 1,3,1,5,1,3 440.46,82.38,347.55,693.59,179.68,672.08
0000000000f9_0050 1400867267.14 5,5,15 750.04,867.70,874.42
0000000000f9_0093 1400870100.47 10,12,6 1197.92,1004.75,707.76
0000000000f9_0092 1400870092.28 1,10,6 767.64,431.66,487.49
0000000000f9_00a4 1400869508.27 3,1,1,1 200.00,163.93,193.15,160.39
0000000000f9_00a5 1400869051.49 11,1 286.12,179.50
0000000000f9_0090 1400870300.31 10,1,10,10 1023.01,864.66,985.14,871.52
0000000000f9_0093 1400870291.76 10,12,6 743.26,460.67,322.73
0000000000f9_0092 1400870379.48 1,10,10 1255.85,267.75,223.58
0000000000f9_004d 1400869323.88 13,5,13 642.97,773.42,1124.94
0000000000f9_00a4 1400869791.58 3,8,1,1,1 27.23,102.87,1.84,40.44,40.52
0000000000f9_00a5 1400869144.95 1,1 89.06,76.12
0000000000f9_0047 1400869893.66 11,11,6 469.48,316.98,482.77
0000000000f9_00bc 1400868818.17 4,4,4,12 86.88,88.27,188.35,217.59
0000000000f9_004f 1400867566.76 5,5,5 310.06,204.15,433.11
0000000000f9_00a5 1400869418.43 11,1 174.17,79.71
0000000000f9_00a4 1400869877.12 3,8,1,1,1 139.65,283.30,191.91,15.82,69.75
0000000000f9_0090 1400870433.71 10,1,10,10 1690.57,20.16,432.95,426.44
0000000000f9_0093 1400870485.04 10,12,10 539.75,390.19,399.71
0000000000f9_004d 1400869560.76 13,5,13 1574.09,18.38,140.95
0000000000f9_0092 1400870478.68 1,10,6 1244.64,367.05,283.58
0000000000f9_00a5 1400869511.93 11,1 104.65,4.20
0000000000f9_004d 1400869764.37 2 388.38
0000000000f9_00a4 1400870141.46 3,8,1,1,1 333.82,305.04,24.30,31.58,26.92
0000000000f9_004f 1400867800.01 5,5,13 404.26,179.35,401.17
0000000000f9_00a5 1400869590.56 1,1 119.23,117.51
0000000000f9_0047 1400870018.16 11,11,6 413.87,194.79,457.29
0000000000f9_0050 1400867507.0 5 1970.26
0000000000f9_0093 1400870631.03 10,12,10 1179.13,1488.63,120.34
0000000000f9_00a5 1400869827.82 1,1 26.38,36.27
0000000000f9_00a4 1400870349.82 3,8,1,1 230.53,165.01,77.30,83.75
0000000000f9_0092 1400870604.93 1,10,6 1129.00,431.79,396.74
0000000000f9_0090 1400870566.81 10,1,10,10 1562.61,109.10,98.11,91.23
0000000000f9_00bc 1400869072.81 4,4,4,4 118.47,83.14,89.72,158.23
0000000000f9_00a5 1400869898.26 1,1 82.15,82.95
0000000000f9_0068 1400868824.97 1,3,1,5,1,3 38.68,1332.49,7.71,420.22,315.22,382.75
0000000000f9_004f 1400867892.03 5,5,5 89.22,91.67,160.37
0000000000f9_004d 1400869841.61 13,5,13 336.99,187.17,282.73
0000000000f9_00a4 1400870450.32 3,8,1,1,1 173.60,208.54,52.18,134.63,145.02
0000000000f9_0047 1400870165.75 11,11,11 415.18,194.21,519.06
0000000000f9_00a5 1400869967.87 1,1 172.75,172.49
0000000000f9_003a 1400868337.65 2,2 1526.26,1497.87
0000000000f9_00a4 1400870526.9 3,8,1,1,1 293.89,249.05,141.36,195.46,190.82
0000000000f9_00a5 1400870032.16 11,1 90.29,3.37
0000000000f9_004d 1400869908.5 13,5,13 806.21,696.00,745.92
0000000000f9_004f 1400867961.62 5,5,13 578.13,365.24,717.96
0000000000f9_00a5 1400870182.55 11,1 87.52,3.85
0000000000f9_0047 1400870308.43 11,11,6 500.80,239.68,532.52
0000000000f9_00a4 1400870625.21 3,8,1,1,1 304.34,87.97,39.75,39.75,42.51
0000000000f9_00a5 1400870296.6 1,1 300.91,372.26
0000000000f9_00bc 1400869312.26 4,4,4,12 108.49,86.36,23.01,39.33
0000000000f9_004d 1400870032.03 13,5,13 532.81,388.70,524.13
0000000000f9_004f 1400868153.19 5,5,13 450.58,284.06,545.27
0000000000f9_00a5 1400870539.07 11,1 165.26,41.35
0000000000f9_0047 1400870465.99 11,11,6 345.51,224.85,447.37
0000000000f9_0068 1400869036.58 1,3,1,5,1,3 80.33,82.69,10.10,504.38,344.68,581.74
0000000000f9_0050 1400867747.34 5,15,15 1122.44,1342.46,1375.22
0000000000f9_004d 1400870260.56 13,2,13 169.19,552.93,748.58
0000000000f9_004f 1400868317.72 5,5,5 423.79,204.00,552.95
0000000000f9_004d 1400870407.1 13,2,13 522.41,514.68,580.86
0000000000f9_004f 1400868502.04 5,5,13 483.72,221.69,481.09
0000000000f9_00bc 1400869520.59 4,4,4,4 82.99,83.66,16.12,90.27
0000000000f9_004f 1400868649.45 5,5,13 832.06,306.64,863.96
0000000000f9_0068 1400869139.73 1,3,1,5,1,3 56.65,86.27,8.98,459.50,287.44,210.89
0000000000f9_0050 1400868006.08 5,5,15 1225.54,1270.12,1384.46
0000000000f9_004f 1400868933.55 5,5,5 343.68,204.30,519.28
0000000000f9_00bc 1400869648.01 4,4,4,4 102.05,82.79,14.93,97.29
0000000000f9_004f 1400869010.72 5,5 303.96,379.62
0000000000f9_0050 1400868299.58 5 1797.08
0000000000f9_0068 1400869377.2 1,3,1,5,1 16.36,209.07,486.17,394.83,491.46
0000000000f9_003a 1400868411.29 2,2,2 1493.51,1625.81,1833.50
0000000000f9_004f 1400869191.14 5,5,5 611.67,219.86,643.02
0000000000f9_00bc 1400869863.54 4,4,4,12 90.98,82.69,45.17,108.35
0000000000f9_004f 1400869472.48 5,5,13 331.54,217.45,550.31
0000000000f9_0050 1400868523.21 5,5,15 926.77,800.03,1050.00
0000000000f9_004f 1400869649.68 5,5,5 593.19,262.94,554.01
0000000000f9_0050 1400868741.22 5,15 2158.08,2540.70
0000000000f9_004f 1400869900.04 5,5,5 682.09,210.29,790.97
0000000000f9_00bc 1400870044.06 4,4,4,12 96.58,83.02,34.98,106.26
0000000000f9_0068 1400869622.46 1,3,1,5,1,3 200.07,963.67,31.80,805.48,624.14,785.42
0000000000f9_004f 1400870077.77 5,5,5 1758.76,91.81,1731.04
0000000000f9_003a 1400868544.81 4,2 1745.98,2141.37
0000000000f9_004f 1400870363.79 5,5,13 382.72,204.31,360.51
0000000000f9_0050 1400868807.1 5,5,15 1405.87,1822.36,1117.36
0000000000f9_00bc 1400870325.41 4,4,4,12 83.67,82.64,7.90,68.94
0000000000f9_004f 1400870481.05 5,5,13 442.95,275.19,464.27
0000000000f9_0068 1400869779.5 1,3,1,5,1,3 61.68,83.63,5.94,464.35,348.92,421.60
0000000000f9_0050 1400868985.06 5 1964.96
0000000000f9_00bc 1400870576.81 4,4,4,4 82.92,85.93,9.24,92.66
0000000000f9_0050 1400869074.61 5,5 2154.20,2497.73
0000000000f9_0068 1400870029.08 1,3,1,5,1,3 356.79,91.39,260.54,385.48,255.80,1238.94
0000000000f9_0050 1400869272.66 5,15,15 1730.12,1664.33,1520.90
0000000000f9_003a 1400868717.33 2,2,2 1998.80,1875.30,2012.41
0000000000f9_0068 1400870157.13 1,3,1,5,13 41.33,85.54,9.21,243.96,384.70
0000000000f9_0050 1400869420.66 5,5,15 705.66,770.72,935.67
0000000000f9_003a 1400868847.87 4 2628.11
0000000000f9_0068 1400870307.25 1,1,5,1,3 54.82,6.87,575.49,451.53,530.23
0000000000f9_0050 1400869593.47 5,5 1579.74,1554.48
0000000000f9_0068 1400870598.78 1,3,1,5,1,3 40.25,1630.91,8.91,559.68,556.11,621.06
0000000000f9_003a 1400868974.16 2,2,2 1980.47,2518.17,2522.02
0000000000f9_0050 1400869677.11 5,5 1259.03,1227.73
0000000000f9_0050 1400869966.88 5,5,15 1355.23,2161.93,2126.60
0000000000f9_003a 1400869047.8 4 1210.52
0000000000f9_0050 1400870166.98 5,15,15 2317.30,2509.22,2487.23
0000000000f9_003a 1400869117.41 2 1923.72
0000000000f9_0050 1400870299.27 5,5 1627.72,1567.92
0000000000f9_0050 1400870402.62 15 2861.83
0000000000f9_003a 1400869314.79 4 2078.29
0000000000f9_003a 1400869500.5 4,2,2 2301.53,2566.51,2597.48
0000000000f9_003a 1400869736.14
0000000000f9_003a 1400869942.43 2,13,2 1549.49,1868.29,1732.98
0000000000f9_003a 1400870237.11 4,2,2 1662.71,979.75,1840.80
0000000000f9_0007 1400867037.84
0000000000f9_0007 1400867125.29 4 95.15
0000000000f9_0007 1400867272.99 4,4 1605.93,105.99
0000000000f9_0007 1400867526.86 4,4 225.67,344.66
0000000000f9_003a 1400870340.5 2,2,2 1762.91,1283.66,1773.45
0000000000f9_008c 1400867227.06 4,4,3 10.55,12.31,218.87
0000000000f9_008c 1400867334.8 4,4,3,4,4,2 865.45,852.55,55.62,73.82,43.72,148.23
0000000000f9_008c 1400867562.01 4,4,3,4,4,2 45.56,25.97,85.60,14.48,8.77,2447.97
0000000000f9_003a 1400870459.35 2,2 2181.15,2640.70
0000000000f9_0007 1400867757.78 13,4 257.38,169.60
0000000000f9_008c 1400867683.36 4,4,3,4,4 122.47,45.07,1135.18,166.27,215.73
0000000000f9_0007 1400867956.88 4,4 405.31,401.70
0000000000f9_0007 1400868178.73 13,4 160.21,227.16
0000000000f9_008c 1400867867.7 4,4,3,4,4 396.04,212.31,283.10,205.64,293.58
0000000000f9_0007 1400868417.68 4,4 295.13,249.96
0000000000f9_0007 1400868523.75 13,4 203.66,513.55
0000000000f9_008c 1400868085.11 4,4,3,4,4 613.44,613.06,271.79,290.22,356.17
0000000000f9_0007 1400868701.76 4,4 256.35,334.54
0000000000f9_0007 1400868783.74 13,4 392.69,330.42
0000000000f9_008c 1400868354.32 4,4,3,4,4 104.09,1106.97,13.05,191.10,189.33
0000000000f9_0007 1400868990.89 13,4 438.25,360.33
0000000000f9_0007 1400869100.04 4,4 403.32,363.10
0000000000f9_008c 1400868425.62 4,4,3,4,4 141.16,789.42,809.53,223.24,236.58
0000000000f9_0007 1400869218.14 13,4 395.15,310.30
0000000000f9_0007 1400869450.79 4,4 10.74,1630.94
0000000000f9_0065 1400867266.06 13,11,1 287.63,96.36,144.42
0000000000f9_008c 1400868549.95 4,4,3,4,4 92.44,658.55,933.41,278.05,373.04
0000000000f9_0007 1400869619.63 13,4 180.88,110.40
0000000000f9_0007 1400869771.56 4 309.49
0000000000f9_0007 1400869982.48 13,4 391.17,297.66
0000000000f9_008c 1400868718.18 4,4,3,4,4 96.11,170.47,2156.54,214.18,235.76
0000000000f9_0007 1400870099.44 13,4 338.43,243.11
0000000000f9_0065 1400867340.25 13,13,1 336.80,521.50,345.38
0000000000f9_0007 1400870372.32 4,4 295.63,292.80
0000000000f9_008c 1400868953.69 4,4,3,4,4 55.26,83.32,307.67,333.79,397.31
0000000000f9_0007 1400870629.22 13,4 180.86,17.14
0000000000f9_008c 1400869095.03 4,4,3,4,4 187.37,170.21,237.77,237.82,276.94
0000000000f9_0065 1400867439.34 13,13,1 1552.10,1572.30,1507.93
0000000000f9_008c 1400869157.34 4,4,3,4,4 284.18,230.39,209.51,219.51,267.45
0000000000f9_008c 1400869363.52 4,4,3,4,4 6.36,651.92,292.97,253.01,405.98
0000000000f9_008c 1400869533.0 4,4,3,4,4 583.71,229.04,259.68,250.12,309.31
0000000000f9_008c 1400869649.43 4,4,3,4,4 800.82,144.02,312.97,316.09,344.29
0000000000f9_0065 1400867610.26 13,13,1,3 693.87,1199.41,1013.18,1154.73
0000000000f9_008c 1400869727.98 4,4,3,4,4 430.08,188.37,302.05,305.76,581.14
0000000000f9_008c 1400869944.55 4,4,3,4,4 647.82,116.89,12.70,379.57,368.35
0000000000f9_0065 1400867886.98 13,13,1,3 376.79,805.62,636.28,741.94
0000000000f9_008c 1400870141.83 4,4,3,4,4 124.81,813.72,210.96,190.47,244.47
0000000000f9_0051 1400867058.31
0000000000f9_008c 1400870395.4 4,4,3,4,4 85.07,8.74,221.29,165.72,210.06
0000000000f9_008c 1400870594.59 4,4,3,4,4 109.43,1399.95,211.38,211.08,248.74
0000000000f9_0065 1400867965.66 13,11,5,3 437.04,464.27,1139.89,470.53
0000000000f9_0051 1400867162.42 8,8 500.94,807.08
0000000000f9_0065 1400868130.31 13,13,1,3 585.87,853.45,771.13,908.28
0000000000f9_001c 1400867327.97 7,7,7,7 10.00,10.04,25.88,11.13
0000000000f9_001c 1400867456.75 7,7,7,7 694.17,156.51,86.07,175.12
0000000000f9_0065 1400868297.38 13,13,1,3 950.81,1020.34,518.09,973.25
0000000000f9_001c 1400867520.98 7,7,7,7 345.92,232.57,677.63,649.96
0000000000f9_0051 1400867402.54 8,8,8,16 95.74,299.36,2083.76,1699.76
0000000000f9_001c 1400867773.83 7,7,7,7 126.10,96.68,11.62,87.74
0000000000f9_001c 1400867984.26 7,7,7,7 402.19,98.13,586.86,808.42
0000000000f9_0065 1400868488.79 13,13,1,3 2156.92,146.10,145.64,220.79
0000000000f9_001c 1400868193.36 7,7,7,7 166.17,104.79,202.11,236.20
0000000000f9_001c 1400868477.36 7,7,7,7 222.94,148.33,257.30,282.71
0000000000f9_001c 1400868663.48 7,7,7 245.35,189.63,293.96
0000000000f9_0065 1400868741.93 11,1,3 104.26,114.24,653.81
0000000000f9_0051 1400867673.03 8,8,8,5 1469.20,92.25,1586.77,1020.75
0000000000f9_001c 1400868922.51 7,7,7 149.36,226.61,250.33
0000000000f9_001c 1400869056.79 7,7,7,7 257.38,164.52,436.30,433.56
0000000000f9_0065 1400869041.46 13,13,1,3 1008.75,1205.65,795.64,903.02
0000000000f9_001c 1400869203.94 7,7,7,7 330.68,201.68,349.74,345.87
0000000000f9_0065 1400869193.85 13,11,1 774.29,917.37,844.75
0000000000f9_001c 1400869404.38 7,7,7,7 13.90,301.90,624.75,373.70
0000000000f9_0051 1400867952.68 8,8,8,5 1475.20,2347.77,1524.73,1330.97
0000000000f9_001c 1400869613.74 7,7,7,7 83.93,29.64,477.27,106.74
0000000000f9_0065 1400869334.17 13,11,1,3 323.87,463.98,284.75,332.72
0000000000f9_001c 1400869798.96 7,7 117.73,170.49
0000000000f9_001c 1400870041.07 7,7,7,7 96.79,228.32,267.32,317.46
0000000000f9_001c 1400870222.18 7,7,7,7 175.83,73.26,252.04,215.15
0000000000f9_0065 1400869427.61 13,13,1,3 309.97,704.95,522.39,595.61
0000000000f9_0051 1400868102.28 8,8,8,5 89.78,1389.12,2005.65,1796.64
0000000000f9_001c 1400870396.37 7,7,7 147.42,314.12,341.50
0000000000f9_001c 1400870509.11 7,7,7 948.61,474.87,467.94
0000000000f9_0065 1400869652.13 13,1,3 1816.20,595.50,1740.16
0000000000f9_001c 1400870638.59 7,7,7,7 9.53,260.39,316.93,287.26
0000000000f9_0051 1400868398.74 8,8,8,5 392.05,240.94,826.85,860.86
0000000000f9_0065 1400869885.26 13,11,1,3 1058.36,1261.52,1253.68,1481.67
0000000000f9_0065 1400870072.62 13,13,1 327.59,506.76,430.37
0000000000f9_0051 1400868468.62 8,8,8,5 1109.05,1844.96,1828.15,1676.32
0000000000f9_0051 1400868645.4 8,8,8,5 87.39,89.36,1827.85,1703.14
0000000000f9_0065 1400870252.74 13,11,1,3 1385.90,1504.89,1401.40,1641.23
0000000000f9_0051 1400868811.17 8,8,8,5 585.37,1649.92,1342.88,1565.48
0000000000f9_0065 1400870377.68 13,13,1,3 376.46,715.14,592.75,888.56
0000000000f9_0051 1400869055.77 8,8,8,16 821.53,1339.39,1920.67,1663.89
0000000000f9_0065 1400870561.45 13,11,1,3 457.79,803.11,743.29,989.39
0000000000f9_0051 1400869337.56 8,8,8,16 89.38,91.88,1112.43,972.76
0000000000f9_0065 1400870624.55 13,13,1,3 541.76,701.56,642.22,721.58
0000000000f9_0051 1400869539.72 8,8,8,8 1377.21,419.01,851.90,776.28
0000000000f9_0051 1400869768.27 8,8,8,5 1095.38,88.91,980.52,721.44
0000000000f9_0051 1400870050.46 8,8,8,16 488.81,87.43,848.44,877.69
0000000000f9_0051 1400870212.86 8,8,8,8 662.53,2255.04,1253.73,2106.62
0000000000f9_0051 1400870366.33 8,8 1782.03,1491.46
0000000000f9_0051 1400870633.11 8,8,8,5 88.29,1058.57,868.35,885.12
0000000000f9_0052 1400867042.97
0000000000f9_0052 1400867324.81 4,4,4 560.46,90.41,305.73
0000000000f9_0052 1400867509.52 4,4 607.46,576.96
0000000000f9_0052 1400867770.83 4,4,7 17.33,261.22,319.52
0000000000f9_0052 1400867856.46 4,4,4 2037.24,376.75,619.50
0000000000f9_0052 1400868119.42 4,15,4 548.78,414.15,273.83
0000000000f9_0052 1400868184.33 15,4 667.78,661.70
0000000000f9_0052 1400868359.58 4,4 784.80,809.87
0000000000f9_0052 1400868652.22 4,4,4 295.51,557.86,475.95
0000000000f9_0052 1400868801.67 4,4,4 433.31,377.06,528.84
0000000000f9_0052 1400868887.39 4,4,4 1942.10,551.94,555.65
0000000000f9_0052 1400869091.44 4,4,4 605.15,828.85,792.85
0000000000f9_0052 1400869365.69 4,4,4 356.25,214.74,345.38
0000000000f9_0052 1400869597.87 4,4 331.71,328.28
0000000000f9_0052 1400869686.14 4,4,4 389.08,387.41,413.61
0000000000f9_0052 1400869827.54 4,4,4 428.59,423.23,484.98
0000000000f9_0052 1400870059.92 4 562.39
0000000000f9_0052 1400870286.2 4,4,4 355.95,289.01,309.06
0000000000f9_0052 1400870415.44 4,4,4 321.67,661.33,683.42
0000000000f9_0052 1400870614.3 4 2148.52
