0000000000f9_00a8 1400796419.81
0000000000f9_00a8 1400796619.94
0000000000f9_00a8 1400796728.17 1 30.08
0000000000f9_00ab 1400796419.95
0000000000f9_00a9 1400795219.49
0000000000f9_00ab 1400796707.07 1 3.46
0000000000f9_00a9 1400795479.6 1 3.87
0000000000f9_00a3 1400795219.5
0000000000f9_00a7 1400797619.59
0000000000f9_00aa 1400797619.64
0000000000f9_00a7 1400797745.72
0000000000f9_00a3 1400795504.63 1 2.80
0000000000f9_00a7 1400797959.87 1 3.08
0000000000f9_00a3 1400795607.78 1 83.28
0000000000f9_00a7 1400798065.02
0000000000f9_00a4 1400797619.7
0000000000f9_0082 1400796420.04
0000000000f9_00a5 1400796419.81
0000000000f9_00a4 1400797820.83
0000000000f9_0076 1400797619.88
0000000000f9_0007 1400796419.81
0000000000f9_00aa 1400797916.77 1,5 3.26,83.10
0000000000f9_00a4 1400797911.94 1 3.17
0000000000f9_0066 1400795219.75
0000000000f9_00a6 1400795219.45
0000000000f9_0007 1400796539.98
0000000000f9_0076 1400797785.16
0000000000f9_00a5 1400796537.99
0000000000f9_00aa 1400798096.92
0000000000f9_0058 1400795219.68
0000000000f9_0096 1400797620.22
0000000000f9_0007 1400796600.18 3 9.82
0000000000f9_0066 1400795390.95 9.95
0000000000f9_00a5 1400796835.17 1,1 4.77,6.47
0000000000f9_00a6 1400795444.59 1 2.94
0000000000f9_0057 1400796420.07
0000000000f9_0034 1400795219.69
0000000000f9_0055 1400795219.71
0000000000f9_0058 1400795464.92
0000000000f9_0076 1400798063.43 5 88.76
0000000000f9_00a4 1400797990.06 5 233.47
0000000000f9_00aa 1400798359.09 1,5 29.00,83.37
0000000000f9_0096 1400797914.49 4 13.37
0000000000f9_0055 1400795296.93
0000000000f9_00a7 1400798167.15 1 48.70
0000000000f9_00a4 1400798184.27 1 9.00
0000000000f9_0007 1400796800.43 3,3,4 10.20,21.28,8.04
0000000000f9_00a6 1400795611.73 1 4.77
0000000000f9_0068 1400796420.1
0000000000f9_0057 1400796679.25 1 6.13
0000000000f9_0076 1400798153.66 5 85.39
0000000000f9_0058 1400795641.17 1 6.77
0000000000f9_00a7 1400798281.33 5 242.92
0000000000f9_00a4 1400798417.54 1 94.36
0000000000f9_0082 1400796708.37 4,3,2 16.95,19.38,42.83
0000000000f9_0066 1400795643.22 1 270.38,281.52,50.05
0000000000f9_00aa 1400798612.23 1,5 3.25,85.32
0000000000f9_0065 1400796420.26
0000000000f9_0096 1400798102.86 4 9.72
0000000000f9_00a7 1400798543.63 1 21.41
0000000000f9_00a4 1400798547.77 1 26.46
0000000000f9_00aa 1400798743.45
0000000000f9_008c 1400795219.93
0000000000f9_00a7 1400798723.79
0000000000f9_0076 1400798300.92 5 87.69
0000000000f9_00a4 1400798705.96 1 23.54
0000000000f9_0057 1400796821.4 1 92.11
0000000000f9_0096 1400798364.31 4 34.49
0000000000f9_0068 1400796699.29 2.83
0000000000f9_0065 1400796545.48
0000000000f9_0076 1400798540.26 5 87.48
0000000000f9_008c 1400795409.18 12 27.35
0000000000f9_0096 1400798466.98 4 78.32
0000000000f9_0052 1400797621.27
0000000000f9_0068 1400796847.66 26.80
0000000000f9_0076 1400798683.62 5 87.34
0000000000f9_003f 1400795220.24
0000000000f9_0065 1400796629.97 1,1 114.24,129.67
0000000000f9_0096 1400798741.27 4 12.19
0000000000f9_008c 1400795660.48 12 35.79
0000000000f9_003f 1400795427.52
0000000000f9_0065 1400796804.45 1,1 53.79,259.19
0000000000f9_0052 1400797907.48 3,4,7 12.71,30.75,87.95
0000000000f9_0034 1400795461.08 11,1 94.32,25.35
0000000000f9_0052 1400798004.76 3,4,7 490.14,216.59,294.76
0000000000f9_0055 1400795486.34 1,8,1 5.54,295.98,84.74
0000000000f9_003a 1400797622.87
0000000000f9_0052 1400798218.07 3,4,7 11.02,9.82,87.22
0000000000f9_0083 1400795221.06
0000000000f9_007f 1400803722.01
0000000000f9_0083 1400795472.2
0000000000f9_0052 1400798476.35 3,4,7 70.01,6.95,86.31
0000000000f9_007f 1400803806.21
0000000000f9_0083 1400795558.4
0000000000f9_007f 1400804044.44
0000000000f9_0052 1400798743.84 3,4,7 79.52,12.87,191.54
0000000000f9_00c6 1400795221.12
0000000000f9_00d1 1400797621.41
0000000000f9_00c6 1400795361.44 12 52.28
0000000000f9_003a 1400797884.52 4,2,5 417.55,626.72,615.67
0000000000f9_00d1 1400797730.54
0000000000f9_00d1 1400797833.68
0000000000f9_00d1 1400798049.83
0000000000f9_00c6 1400795660.86 12 174.59
0000000000f9_00d1 1400798254.96
0000000000f9_00d1 1400798508.06
0000000000f9_00d1 1400798793.19
0000000000f9_003a 1400797998.69 4,2,5 285.49,562.18,725.84
0000000000f9_003a 1400798120.93 2,5 255.89,363.50
0000000000f9_00ca 1400797623.05
0000000000f9_00ca 1400797695.14
0000000000f9_00ca 1400797881.28
0000000000f9_00ca 1400798115.38
0000000000f9_00b5 1400796422.86
0000000000f9_00ca 1400798373.53
0000000000f9_00ca 1400798611.68
0000000000f9_00b5 1400796509.05
0000000000f9_003a 1400798401.53 4,2,5 486.47,379.86,521.64
0000000000f9_00b5 1400796645.3
0000000000f9_00b5 1400796764.59
0000000000f9_003a 1400798567.11 4,2,5 434.91,371.28,530.76
0000000000f9_00bc 1400796423.44
0000000000f9_0091 1400797623.72
0000000000f9_0091 1400797777.97
0000000000f9_0093 1400795224.01
0000000000f9_0092 1400793271.0
0000000000f9_0090 1400795223.75
0000000000f9_00bc 1400796651.6 4 80.81
0000000000f9_0091 1400797877.27 10 16.17
0000000000f9_0090 1400795364.99
0000000000f9_0093 1400795523.22 10,10 89.62,84.89
0000000000f9_0047 1400796423.7
0000000000f9_0091 1400798037.68 10 53.33
0000000000f9_0090 1400795572.26 10 87.37
0000000000f9_0047 1400796555.11
0000000000f9_00bc 1400796865.77 4 296.71
0000000000f9_0091 1400798224.13 10 84.28
0000000000f9_003a 1400798657.63 4,2,5 415.19,307.18,457.87
0000000000f9_0047 1400796667.5
0000000000f9_0091 1400798388.62 10 97.15
0000000000f9_0047 1400796797.83 11 90.27
0000000000f9_0091 1400798501.02 10 40.43
0000000000f9_0091 1400798566.47 10 95.54
0000000000f9_0091 1400798744.86 10 23.66
0000000000f9_0091 1400798814.41 10 161.80
0000000000f9_0050 1400796424.74
0000000000f9_0050 1400796558.63
0000000000f9_0050 1400796718.24 15 155.80
0000000000f9_00bf 1400796424.03
0000000000f9_00bf 1400796518.15
0000000000f9_00bf 1400796689.29
0000000000f9_00bf 1400796838.39
0000000000f9_004d 1400796440.06
0000000000f9_004d 1400796543.26
0000000000f9_004f 1400797626.75
0000000000f9_004f 1400797822.96
0000000000f9_004d 1400796746.65
0000000000f9_004f 1400797973.25 5 88.55
0000000000f9_004f 1400798230.71 5 88.57
0000000000f9_004f 1400798385.06 5 88.11
0000000000f9_004f 1400798604.37 5 88.57
0000000000f9_004f 1400798760.71 5 90.06
0000000000f9_001c 1400796420.82
0000000000f9_001c 1400796506.04
0000000000f9_001c 1400796676.27 4 69.20
0000000000f9_0051 1400795239.63
0000000000f9_0051 1400795394.05 8 93.45
0000000000f9_0051 1400795575.64 8,8 135.31,89.36
