0000000000f9_00a3 1400807100.73
0000000000f9_00a9 1400807100.76
0000000000f9_00a4 1400809500.92
0000000000f9_00aa 1400809500.9
0000000000f9_0082 1400808301.01
0000000000f9_00a9 1400807340.01 1 37.04
0000000000f9_00a3 1400807307.92 1,1 1.49,4.25
0000000000f9_0007 1400808300.74
0000000000f9_00a4 1400809633.06 1,1 5.25,3.71
0000000000f9_0076 1400809500.97
0000000000f9_00a9 1400807619.31 1 58.01
0000000000f9_00a3 1400807463.07 1,1 171.92,5.11
0000000000f9_00a4 1400809740.41 1,1 85.00,57.17
0000000000f9_0082 1400808513.76 2,2 261.75,315.08
0000000000f9_00a9 1400807843.71 1 119.81
0000000000f9_00a7 1400809500.78
0000000000f9_00a3 1400807752.51 1,1 126.08,132.58
0000000000f9_0058 1400807100.95
0000000000f9_00aa 1400809692.22 1,1,1 36.62,16.14,53.59
0000000000f9_0068 1400808300.97
0000000000f9_0076 1400809636.84 1,1 337.30,303.05
0000000000f9_00a4 1400809816.69 1,1 23.94,28.65
0000000000f9_0096 1400809501.4
0000000000f9_00a9 1400807963.1 1 77.05
0000000000f9_00a3 1400807885.98 1,1 109.37,122.37
0000000000f9_0057 1400808300.91
0000000000f9_00a7 1400809691.13 2,1,1,1 8.08,17.86,40.77,45.02
0000000000f9_00a8 1400808300.63
0000000000f9_0058 1400807222.3
0000000000f9_008c 1400807101.3
0000000000f9_00a4 1400810007.38 1,1 189.20,204.72
0000000000f9_0082 1400808791.81 2,2 345.05,388.02
0000000000f9_0034 1400807100.97
0000000000f9_00a3 1400808147.42 1,1 82.63,104.66
0000000000f9_0066 1400807101.01
0000000000f9_00a6 1400807100.77
0000000000f9_0068 1400808556.59 1 176.59,223.50
0000000000f9_00a7 1400809900.5 1,1,1,1 74.46,74.50,86.92,60.09
0000000000f9_0096 1400809696.29 4,4 240.53,240.22
0000000000f9_00a4 1400810073.93 1,1 165.39,159.29
0000000000f9_00a9 1400808052.28 1 7.23
0000000000f9_00a3 1400808400.76 1,1 56.63,67.20
0000000000f9_008c 1400807360.91 4 103.16
0000000000f9_0065 1400808300.94
0000000000f9_0034 1400807314.46
0000000000f9_0058 1400807299.15 1 405.57
0000000000f9_0066 1400807338.4
0000000000f9_00a6 1400807184.99 1 41.80
0000000000f9_0057 1400808489.42 4,1 126.88,163.62
0000000000f9_0055 1400807101.01
0000000000f9_00a9 1400808241.74 1 129.82
0000000000f9_0082 1400808908.92 2,2 404.56,442.46
0000000000f9_00a7 1400810133.92 1,1,1,1 82.96,81.65,99.95,65.60
0000000000f9_00a4 1400810330.21 1,1 3.83,79.92
0000000000f9_00a9 1400808406.26 1 152.72
0000000000f9_0034 1400807598.48
0000000000f9_0068 1400808649.33 1 218.99,171.40
0000000000f9_0096 1400809850.79 4,4 301.63,458.17
0000000000f9_00a4 1400810567.67 1,1 135.51,146.07
0000000000f9_0058 1400807582.26 1 367.36
0000000000f9_008c 1400807646.09 4,4 317.53,336.81
0000000000f9_00a6 1400807286.29 1,1 72.16,77.47
0000000000f9_00ab 1400808300.63
0000000000f9_00a7 1400810268.39 1,1,1,1 116.11,3.39,118.77,113.59
0000000000f9_00a9 1400808470.8 1 145.40
0000000000f9_0065 1400808378.68 1 231.47
0000000000f9_0066 1400807613.2 1 249.64,136.90
0000000000f9_0055 1400807192.7
0000000000f9_0082 1400809111.29 2,2 385.89,466.39
0000000000f9_0034 1400807703.53
0000000000f9_00a9 1400808679.25 1,1 130.06,129.10
0000000000f9_00a5 1400808300.59
0000000000f9_0057 1400808679.21 4,1,1 242.38,131.17,222.55
0000000000f9_00a7 1400810370.69 1,1,1,1 3.23,44.78,24.46,36.18
0000000000f9_00ab 1400808582.78 8,1,1 86.49,3.31,2.41
0000000000f9_0068 1400808948.21 1 307.65,254.69
0000000000f9_0058 1400807854.38 1 418.31
0000000000f9_0096 1400810144.04 4,4 296.37,284.21
0000000000f9_008c 1400807876.99 4,4 930.03,202.14
0000000000f9_0066 1400807707.69 1 41.52
0000000000f9_00a9 1400808840.86 1,1 163.97,160.68
0000000000f9_0055 1400807266.95
0000000000f9_0034 1400807895.75
0000000000f9_00ab 1400808674.96 8,1,1 126.24,45.95,47.20
0000000000f9_0082 1400809259.59 2,2 407.67,439.27
0000000000f9_0065 1400808450.67 1 351.23
0000000000f9_00a7 1400810449.28 1,1,1,1 136.29,141.29,166.21,173.35
0000000000f9_00a6 1400807410.73 1,1 157.04,142.62
0000000000f9_00a9 1400808918.33 1,1 130.49,130.27
0000000000f9_0058 1400808152.51 1 358.93
0000000000f9_008c 1400808148.01 4 330.78
0000000000f9_0096 1400810441.21 4,4 261.43,258.31
0000000000f9_0066 1400807968.71 1 344.78
0000000000f9_0068 1400809062.33 1 356.62,336.36
0000000000f9_00ab 1400808767.17 8,1,1 163.71,15.68,17.91
0000000000f9_00a9 1400809000.7 1,1 98.75,101.52
0000000000f9_0034 1400808188.96
0000000000f9_00a7 1400810553.8 1,1,1,1 117.36,93.77,121.47,117.47
0000000000f9_0057 1400808849.08 4,1,1 225.05,160.08,246.90
0000000000f9_00a6 1400807500.25 1,1 142.99,148.26
0000000000f9_0055 1400807507.1 1 323.71
0000000000f9_0082 1400809418.57 2,2 1026.99,954.32
0000000000f9_00ab 1400808986.51 8,1,1 88.43,34.55,13.85
0000000000f9_00a9 1400809247.29 1,1 192.05,186.86
0000000000f9_0065 1400808611.84 1 783.55
0000000000f9_00a6 1400807639.82 1,1 161.51,162.83
0000000000f9_0058 1400808377.58 1 330.16
0000000000f9_0034 1400808458.1
0000000000f9_008c 1400808373.05 4,4 334.26,315.87
0000000000f9_0096 1400810631.46 4,4 365.71,380.62
0000000000f9_0066 1400808144.82 1 374.29,319.57
0000000000f9_0068 1400809175.37 1 318.85,335.21
0000000000f9_00a9 1400809334.8 1,1 141.36,128.24
0000000000f9_00a6 1400807761.43 1,1 194.00,203.90
0000000000f9_00ab 1400809123.87 8,1,1 86.14,3.26,1.97
0000000000f9_001c 1400808301.44
0000000000f9_00a6 1400807938.04 1,1 202.35,206.87
0000000000f9_0082 1400809584.93 2,2 471.59,497.52
0000000000f9_00a9 1400809621.94 1,1 3.34,9.06
0000000000f9_0055 1400807578.27 1 393.00
0000000000f9_00ab 1400809318.5 8,1,1 276.90,176.24,191.74
0000000000f9_0057 1400809059.06 4,4,1,1 8.91,258.48,221.06,276.15
0000000000f9_0058 1400808497.68 1,1 309.08,330.78
0000000000f9_00a6 1400808015.28 1,1 34.83,38.53
0000000000f9_007f 1400815603.52
0000000000f9_00a9 1400809813.17 1,1 23.72,22.76
0000000000f9_0066 1400808373.04 1 407.18,327.59
0000000000f9_0068 1400809371.47 1 386.93,347.84
0000000000f9_0076 1400809936.8 3,11,1,1 81.77,86.48,220.14,309.79
0000000000f9_007f 1400815754.99
0000000000f9_0034 1400808651.37 2,1 564.12,684.32
0000000000f9_00ab 1400809381.97 8,1,1 170.38,132.01,136.54
0000000000f9_0065 1400808897.14 1,11,1 6.13,717.16,605.17
0000000000f9_00a6 1400808157.87 1,1 144.07,158.60
0000000000f9_00a9 1400809904.68 1,1 159.15,126.07
0000000000f9_007f 1400815846.51
0000000000f9_00ab 1400809615.25 8,1,1 122.45,46.65,40.91
0000000000f9_008c 1400808575.19 3,4,4,4 7.47,353.18,287.58,403.39
0000000000f9_0055 1400807867.4 1 374.19
0000000000f9_00a3 1400808612.12 1,11,1,1 148.68,84.49,10.48,3.28
0000000000f9_00a6 1400808235.44 1,1 133.82,148.65
0000000000f9_001c 1400808548.22 4,4 241.85,246.40
0000000000f9_0082 1400809704.6 2,5,2,2 439.64,692.38,863.89,895.91
0000000000f9_00a9 1400810146.14 1,1 96.55,84.62
0000000000f9_0058 1400808634.95 1,1 399.99,441.21
0000000000f9_0066 1400808501.11 1 348.69,329.47
0000000000f9_0068 1400809472.62 1 667.46,622.04
0000000000f9_0034 1400808812.62 1 525.76
0000000000f9_007f 1400816090.17
0000000000f9_00ab 1400809746.7 8,1,1,1 192.79,130.46,128.92,85.89
0000000000f9_00a9 1400810290.96 1,1 289.75,290.23
0000000000f9_0057 1400809306.9 4,4,1,1 15.46,189.26,229.53,228.87
0000000000f9_003a 1400809502.35
0000000000f9_0076 1400810184.69 3,11,5,1 362.41,2066.54,161.72,91.47
0000000000f9_00a6 1400808534.89 1,30,1,1 172.08,126.13,61.25,58.95
0000000000f9_00c6 1400807102.58
0000000000f9_00a3 1400808709.47 1,11,1,1 96.63,85.79,17.51,25.29
0000000000f9_007f 1400816343.93
0000000000f9_0055 1400808100.7 1 443.25
0000000000f9_00a9 1400810511.18 1,1 18.64,19.50
0000000000f9_0065 1400809123.19 1,11,1 1046.37,447.95,336.34
0000000000f9_00ab 1400809907.29 8,1,1,1 405.51,201.82,178.18,200.34
0000000000f9_008c 1400808809.26 3,4,4,4 29.59,309.06,257.72,321.07
0000000000f9_0058 1400808733.39 1,1 446.76,503.26
0000000000f9_0068 1400809594.96 1 481.53,424.15
0000000000f9_001c 1400808778.1 4,4 238.80,213.33
0000000000f9_0082 1400809791.04 2,5,2,2 36.15,381.02,535.31,532.28
0000000000f9_0066 1400808750.03 1 261.08,303.83,242.78
0000000000f9_007f 1400816521.53
0000000000f9_0034 1400808980.94 2,1 403.69,497.56
0000000000f9_00c6 1400807290.13 10 123.26
0000000000f9_00a3 1400808948.68 1,11,1,1 61.54,301.29,2.18,5.11
0000000000f9_00ab 1400810092.6 8,1,1,1 119.49,51.45,61.66,63.55
0000000000f9_0076 1400810317.71 3,5,1 86.85,270.26,209.49
0000000000f9_00a5 1400808395.82 11,1 103.44,17.76
0000000000f9_0057 1400809392.05 4,1,1 374.19,243.57,432.98
0000000000f9_0055 1400808272.88 1 409.23
0000000000f9_00a6 1400808607.37 1,30,1,1 1.85,137.36,61.83,55.17
0000000000f9_007f 1400816781.19
0000000000f9_00aa 1400809963.5 13,1,1 125.66,15.50,15.41
0000000000f9_0068 1400809678.54 1 517.46,510.39
0000000000f9_00c6 1400807480.05 10 236.90
0000000000f9_0083 1400807102.15
0000000000f9_0058 1400808845.9 1,1 458.42,515.29
0000000000f9_00ab 1400810262.94 8,1,5 296.12,9.01,86.13
0000000000f9_00a5 1400808482.16 11,1 115.38,46.44
0000000000f9_0034 1400809093.38 1 877.03
0000000000f9_008c 1400809014.35 3,4,4,4 282.70,270.84,246.91,267.26
0000000000f9_0066 1400808873.8 1 458.33,667.68,589.61
0000000000f9_007f 1400817021.82
0000000000f9_00a8 1400808442.83 13,1 86.18,12.80
0000000000f9_0065 1400809354.37 1,11,1 4.16,445.72,330.04
0000000000f9_00aa 1400810232.77 13,5,1 159.34,83.29,3.84
0000000000f9_0082 1400809958.58 2,5,2,2 8.58,335.56,466.37,617.85
0000000000f9_0083 1400807260.57
0000000000f9_001c 1400809074.29 4,4 354.53,354.43
0000000000f9_00a6 1400808825.82 1,30,1,1 216.39,154.74,76.75,53.31
0000000000f9_00c6 1400807627.36 10 445.17
0000000000f9_00a5 1400808626.5 11,1,1 103.18,6.01,23.44
0000000000f9_0055 1400808430.1 1 445.48
0000000000f9_007f 1400817136.48
0000000000f9_0076 1400810591.48 3,11,1,1 1416.35,361.77,492.32,428.87
0000000000f9_00ab 1400810439.2 8,1,5,1 385.97,3.69,84.54,4.79
0000000000f9_0068 1400809789.84 1 442.89,391.59
0000000000f9_0057 1400809668.1 4,1,1 323.37,187.10,354.50
0000000000f9_00aa 1400810498.27 1,1 97.02,93.48
0000000000f9_00a8 1400808578.32 13,1,1 196.82,67.21,71.39
0000000000f9_0034 1400809190.83 1 491.63
0000000000f9_0058 1400808956.5 1,1 490.89,591.41
0000000000f9_00a3 1400809173.08 1,11,1,1 2.11,137.70,77.23,67.53
0000000000f9_0083 1400807357.26
0000000000f9_00a5 1400808692.95 11,1,1 175.06,129.92,128.50
0000000000f9_00a6 1400808962.12 1,30,1,1 337.93,116.53,10.01,39.08
0000000000f9_007f 1400817256.26
0000000000f9_00c6 1400807831.04 10 581.31
0000000000f9_008c 1400809111.61 3,4,4,4 1041.25,320.93,272.00,357.59
0000000000f9_0066 1400809133.78 1 240.78,366.71,265.71
0000000000f9_00a8 1400808856.77 1,1 144.80,137.11
0000000000f9_00ab 1400810509.69 8,1,1,1 159.23,128.75,131.63,114.24
0000000000f9_0082 1400810024.04 2,5,2,2 195.56,351.38,426.35,511.78
0000000000f9_00a3 1400809402.29 1,11,1,1 479.37,85.02,12.67,11.17
0000000000f9_00a5 1400808772.71 11,1,1 159.34,261.13,235.31
0000000000f9_0068 1400810078.97 359.06,316.69
0000000000f9_007f 1400817421.04
0000000000f9_00a6 1400809168.51 1,30,1,1 64.97,127.00,57.50,45.19
0000000000f9_001c 1400809302.38 4,4 380.17,308.41
0000000000f9_00a8 1400809137.26 13,1,1 176.26,88.40,93.19
0000000000f9_0058 1400809046.16 1,1 593.80,619.23
0000000000f9_0034 1400809419.14 2,1 4.86,510.52
0000000000f9_0065 1400809481.66 1,11,3,1 537.40,223.99,969.55,551.84
0000000000f9_00c6 1400808042.57 10 503.27
0000000000f9_0083 1400807588.9
0000000000f9_0055 1400808593.93 13,1,1 815.65,739.83,755.53
0000000000f9_00a3 1400809683.55 1,11,1,1 95.76,86.88,2.26,8.72
0000000000f9_00a5 1400808853.26 11,1,1 243.93,147.61,152.85
0000000000f9_0057 1400809913.13 4,4,1,1 10.87,177.07,232.31,304.86
0000000000f9_007f 1400817518.96
0000000000f9_00d1 1400809502.56
0000000000f9_0066 1400809399.81 1 4.40,406.33,294.71
0000000000f9_003a 1400809686.41 2,2,2,2 319.86,10.72,634.94,752.55
0000000000f9_00a8 1400809336.58 13,1,1 182.71,25.94,37.66
0000000000f9_008c 1400809377.85 3,4,4,4 800.76,560.97,165.68,247.38
0000000000f9_00d1 1400809798.74
0000000000f9_00a6 1400809430.87 1,30,1,1 2.10,113.65,27.44,46.61
0000000000f9_0083 1400807781.65
0000000000f9_0068 1400810253.66 1 618.37,600.81
0000000000f9_00d1 1400809967.94
0000000000f9_007f 1400817699.01
0000000000f9_00a3 1400809941.86 1,11,1,1 245.51,89.89,4.89,7.63
0000000000f9_00a5 1400809113.9 11,1,1 84.93,182.02,182.44
0000000000f9_0082 1400810249.31 2,5,2,2 438.88,831.52,691.41,726.74
0000000000f9_00d1 1400810118.16
0000000000f9_00a8 1400809505.97 1,1 60.88,94.17
0000000000f9_00c6 1400808297.64 10 256.93
0000000000f9_0058 1400809254.53 1,1 447.16,396.14
0000000000f9_00d1 1400810321.38
0000000000f9_001c 1400809443.45 4,4 314.20,296.69
0000000000f9_00c6 1400808583.71
0000000000f9_00a6 1400809506.4 1,30,1,1 185.68,171.82,88.92,98.47
0000000000f9_00d1 1400810500.66
0000000000f9_0083 1400808044.29
0000000000f9_00a5 1400809321.35 11,1,1 169.52,117.74,127.74
0000000000f9_007f 1400817915.79
0000000000f9_00a3 1400810167.19 1,11,1,1 1.65,107.56,17.78,25.33
0000000000f9_00d1 1400810690.95
0000000000f9_00a8 1400809793.42 13,1,1 218.26,124.55,138.02
0000000000f9_0066 1400809461.93 1 5.36,372.25,306.77
0000000000f9_0034 1400809704.39 2,5,1,1 4.88,351.75,299.88,181.20
0000000000f9_0055 1400808800.21 13,1,1 520.67,316.50,461.51
0000000000f9_0065 1400809550.98 1,11,1 298.74,503.95,343.02
0000000000f9_0068 1400810525.61 1 277.65,279.66
0000000000f9_008c 1400809541.07 3,4,4,4 359.27,290.39,243.31,367.89
0000000000f9_0057 1400810046.09 4,4,1,1 1118.54,195.09,287.67,267.13
0000000000f9_00a5 1400809528.59 11,1 356.40,9.53
0000000000f9_00a3 1400810357.5 1,1 52.06,57.70
0000000000f9_00a6 1400809751.76 1,30,1,1 46.03,142.33,59.02,51.07
0000000000f9_0058 1400809416.13 1,1 631.81,640.03
0000000000f9_00a8 1400810050.73 13,1,1 117.97,20.86,14.91
0000000000f9_0082 1400810481.65 2,5,2,2 60.80,294.35,358.87,458.76
0000000000f9_0083 1400808142.99
0000000000f9_00c6 1400808720.97 10,10 320.87,323.62
0000000000f9_00a5 1400809687.96 11,1,1 131.54,53.40,47.17
0000000000f9_00a6 1400809914.14 1,30,1,1 441.36,153.08,71.03,58.72
0000000000f9_00a3 1400810643.68 1,11,1,1 1.44,85.54,3.36,680.17
0000000000f9_001c 1400809570.76 4,4 379.91,281.18
0000000000f9_00a8 1400810186.99 13,1,1 453.89,37.71,3.42
0000000000f9_0066 1400809565.1 1 38.95,368.45,302.85
0000000000f9_003a 1400809906.98 2 11.53
0000000000f9_00a6 1400810138.42 1,30,1,1 89.18,84.84,6.55,15.97
0000000000f9_00a5 1400809778.38 11,1,1 153.55,99.09,103.34
0000000000f9_008c 1400809672.3 3,4,4,4 291.38,353.28,355.35,381.93
0000000000f9_0058 1400809496.62 1,1 561.43,590.40
0000000000f9_00a8 1400810257.42 1,1 120.19,119.62
0000000000f9_0055 1400808889.35 13,1,1 290.56,190.64,322.70
0000000000f9_0034 1400809967.57 2,5,1,1 1978.04,335.09,375.52,445.17
0000000000f9_0083 1400808218.86
0000000000f9_00c6 1400808876.32 10,10 230.83,97.27
0000000000f9_0065 1400809643.52 1,11,1 35.30,866.73,747.73
0000000000f9_0057 1400810170.16 4,4,5,1 1157.93,112.51,87.62,184.98
0000000000f9_00a6 1400810366.58 1,1,1 2.51,4.28,3.28
0000000000f9_0082 1400810598.22 2,5,2,2 46.18,200.39,276.01,1171.71
0000000000f9_00a8 1400810484.21 1,1 195.59,165.75
0000000000f9_00a5 1400809954.94 11,1,1 177.12,162.69,175.29
0000000000f9_0066 1400809813.41 1 17.94,722.78,655.45
0000000000f9_00a6 1400810612.89 1,30,1,1 21.26,84.22,18.56,17.05
0000000000f9_0083 1400808411.65
0000000000f9_001c 1400809665.15 4,4 415.67,371.72
0000000000f9_00c6 1400809091.58 10,10 357.52,313.66
0000000000f9_00a5 1400810153.28 11,1 328.38,17.18
0000000000f9_0058 1400809604.02 1,1 444.21,373.74
0000000000f9_008c 1400809839.72 3,4,4,4 790.94,139.46,56.94,864.47
0000000000f9_0083 1400808595.58
0000000000f9_00a5 1400810248.84 1,1 170.48,172.75
0000000000f9_0055 1400809001.66 13,1,1 479.82,399.68,274.93
0000000000f9_0065 1400809711.1 1,4,1 519.07,618.44,488.75
0000000000f9_0034 1400810193.73 2,5,1,1 1308.27,348.98,414.67,451.34
0000000000f9_0057 1400810418.3 4,4,1,1 1069.93,220.05,230.55,332.03
0000000000f9_0066 1400810084.44 8.09,558.53,284.40
0000000000f9_00c6 1400809307.05 10,10 471.63,467.98
0000000000f9_00a5 1400810378.15 1,1 81.11,79.19
0000000000f9_0083 1400808858.2
0000000000f9_001c 1400809772.65 4,4 406.00,358.48
0000000000f9_008c 1400810015.02 3,4,4,4 242.12,283.27,216.54,290.36
0000000000f9_00a5 1400810534.48 11,1,1 1291.43,3.36,4.72
0000000000f9_0083 1400809094.94
0000000000f9_00c6 1400809606.2 10,10 344.12,282.82
0000000000f9_00ca 1400809503.87
0000000000f9_00ca 1400809787.0
0000000000f9_0066 1400810382.5 122.27,429.91,294.70
0000000000f9_0058 1400809822.46 2,1,1,1,1 209.55,3.57,6.30,524.94,522.83
0000000000f9_0083 1400809347.61
0000000000f9_0055 1400809064.06 13,1,1 420.21,455.48,522.86
0000000000f9_00ca 1400809939.22
0000000000f9_0057 1400810689.37 4,4,1,1 732.11,247.87,284.91,355.77
0000000000f9_0034 1400810329.8 2,5,1,1 1212.97,439.15,425.36,421.60
0000000000f9_00ca 1400810153.47
0000000000f9_0065 1400809840.67 1,4,30 1253.11,1102.07,1409.70
0000000000f9_00ca 1400810244.75
0000000000f9_008c 1400810077.41 3,4,4,4 184.38,325.14,265.69,318.00
0000000000f9_00c6 1400809805.26 10,10 193.36,155.30
0000000000f9_001c 1400809999.01 4,4 302.63,334.28
0000000000f9_00ca 1400810499.03
0000000000f9_0083 1400809536.27
0000000000f9_0066 1400810509.61 1 8.78,498.75,87.19,444.05
0000000000f9_0083 1400809787.9
0000000000f9_003a 1400810047.4 5,2,2,2,2,2 1604.02,926.22,1412.44,836.90,1773.31,1785.08
0000000000f9_0055 1400809281.4 13,1,1 451.06,411.51,443.59
0000000000f9_0034 1400810531.15 5,1,1 251.35,455.83,481.72
0000000000f9_0058 1400809978.01 2,1,1,1,1 210.77,10.99,4.69,489.33,555.13
0000000000f9_0065 1400810118.13 1,4,30 4.18,294.80,373.36
0000000000f9_008c 1400810256.59 3,4,4,4 643.87,725.03,730.51,658.87
0000000000f9_0083 1400809978.55
0000000000f9_001c 1400810272.08 4,4 268.64,229.30
0000000000f9_00c6 1400809951.33 10,10 211.98,209.66
0000000000f9_00b5 1400808304.06
0000000000f9_00b5 1400808551.43
0000000000f9_0083 1400810202.15
0000000000f9_00c6 1400810053.36 10,10 71.32,82.28
0000000000f9_008c 1400810405.03 3,4,4,4 304.18,319.23,270.50,308.13
0000000000f9_0055 1400809413.87 13,1,1 453.23,428.32,502.86
0000000000f9_001c 1400810367.88 4 2454.57
0000000000f9_00b5 1400808633.94
0000000000f9_0058 1400810105.33 5,1,1,1,1 535.05,359.61,301.89,470.47,439.32
0000000000f9_0065 1400810225.72 1,11,1 86.58,283.00,509.82
0000000000f9_0083 1400810355.92
0000000000f9_00c6 1400810174.93 10,10 247.97,284.60
0000000000f9_00b5 1400808726.64
0000000000f9_0083 1400810577.7
0000000000f9_008c 1400810634.32 3,4,4,4 25.73,317.43,197.30,344.95
0000000000f9_00b5 1400808846.43
0000000000f9_00c6 1400810257.41 10,10 397.42,312.95
0000000000f9_0055 1400809518.23 13,1,1 506.01,437.37,445.98
0000000000f9_001c 1400810592.08 4,4 252.56,253.12
0000000000f9_003a 1400810157.99 5,2,2 2550.37,691.21,2381.88
0000000000f9_00b5 1400809001.36
0000000000f9_0058 1400810239.63 5,1,1,1,1 424.09,590.65,8.10,398.59,428.20
0000000000f9_0065 1400810361.98 1,11,30 249.38,544.80,521.64
0000000000f9_00c6 1400810415.22 10,10 272.38,265.71
0000000000f9_00b5 1400809114.35
0000000000f9_0055 1400809752.62 13,1,1,1 1325.68,510.63,379.68,533.49
0000000000f9_00b5 1400809237.44
0000000000f9_00c6 1400810607.77 10,10 444.29,450.80
0000000000f9_00b5 1400809455.23
0000000000f9_0058 1400810386.27 2,1,1,1,1 558.21,357.45,529.20,558.88,525.48
0000000000f9_0065 1400810594.43 1,11,3,1 324.59,790.17,9.86,781.75
0000000000f9_003a 1400810232.67 2 2158.41
0000000000f9_00b5 1400809600.11
0000000000f9_00bc 1400808304.6
0000000000f9_0055 1400809966.89 13,1,1,1 493.80,455.57,448.52,467.90
0000000000f9_00b5 1400809882.78
0000000000f9_0091 1400809504.95
0000000000f9_0092 1400808305.26
0000000000f9_00b5 1400810087.44
0000000000f9_0058 1400810659.63 2,1,1,1,1 341.15,362.83,219.43,404.71,413.16
0000000000f9_0090 1400807104.71
0000000000f9_00bc 1400808508.83 4 85.04
0000000000f9_0093 1400807104.71
0000000000f9_00b5 1400810331.1
0000000000f9_0047 1400808304.88
0000000000f9_0091 1400809701.46 10,10,10 92.25,98.00,111.19
0000000000f9_0090 1400807271.64
0000000000f9_0055 1400810215.94 1,1,1 262.87,259.08,328.50
0000000000f9_00b5 1400810475.83
0000000000f9_003a 1400810510.92 2 2112.07
0000000000f9_0093 1400807404.25 10 129.60
0000000000f9_0047 1400808487.35 11 113.56
0000000000f9_0090 1400807462.5 10 214.31
0000000000f9_00bc 1400808584.08 4 83.66
0000000000f9_0091 1400809933.4 8,10,10 313.05,203.77,393.62
0000000000f9_0093 1400807523.0 10,10 147.20,127.45
0000000000f9_0047 1400808570.11 11,11 177.02,131.82
0000000000f9_0090 1400807592.49 10 248.43
0000000000f9_0055 1400810491.04 13,1,1,1 117.03,220.11,268.75,328.62
0000000000f9_0091 1400810113.64 8,10,10 291.15,383.51,478.20
0000000000f9_0093 1400807649.91 10 315.00
0000000000f9_00bf 1400808305.57
0000000000f9_00bf 1400808559.74 13,13 135.25,117.87
0000000000f9_0090 1400807815.75 10 425.44
0000000000f9_0047 1400808713.03 11,11 198.12,175.85
0000000000f9_0092 1400808592.67 10,10,10 88.81,89.71,88.73
0000000000f9_00bf 1400808684.9 13,13,13 202.02,135.22,132.31
0000000000f9_0093 1400807738.03 10 293.30
0000000000f9_00bc 1400808840.46 4,4 88.66,86.56
0000000000f9_00bf 1400808881.14 13,13,13 125.68,96.39,109.04
0000000000f9_0091 1400810387.79 10,10,10 271.14,285.31,549.55
0000000000f9_0090 1400807901.94 10 343.01
0000000000f9_00bf 1400808944.32 13,13,13 225.04,100.27,121.80
0000000000f9_003a 1400810587.46 5,2 2693.01,2137.54
0000000000f9_0047 1400808792.27 11,11 339.29,368.72
0000000000f9_00bf 1400809078.6 13,13,13 215.77,120.55,123.10
0000000000f9_0092 1400808877.32 30,10,10 87.02,111.40,100.84
0000000000f9_0093 1400808017.13 10,10 225.39,252.28
0000000000f9_0090 1400808146.17 10 360.37
0000000000f9_0047 1400808959.86 11,11 508.56,495.27
0000000000f9_0091 1400810677.95 10,10,10 596.07,289.82,592.42
0000000000f9_00bf 1400809268.88 13,13 109.99,114.06
0000000000f9_00bf 1400809486.08 13,13,13 114.06,92.54,228.98
0000000000f9_00bf 1400809583.33 13,13,13 210.38,94.71,86.76
0000000000f9_00bc 1400808932.91 4,4 89.53,88.68
0000000000f9_00bf 1400809775.56 13,13,13 234.37,117.11,86.13
0000000000f9_0093 1400808249.28 10,10 268.88,263.18
0000000000f9_0090 1400808425.2 10 226.78
0000000000f9_0092 1400808995.28 10,10,10 114.48,203.23,232.25
0000000000f9_00bf 1400809888.79 13,13,13 300.68,143.94,97.04
0000000000f9_0050 1400808305.57
0000000000f9_00bf 1400810084.05 13,12 123.65,75.04
0000000000f9_0047 1400809229.03 11,11 313.97,335.15
0000000000f9_00bf 1400810382.28 12 14.39
0000000000f9_0093 1400808384.19 10 210.96
0000000000f9_00bf 1400810483.52 13,12 299.86,68.12
0000000000f9_00bf 1400810692.75 12 35.04
0000000000f9_0090 1400808655.32 10,10,10 234.66,318.47,298.17
0000000000f9_0092 1400809134.31 30,10,10 208.19,156.82,231.43
0000000000f9_0047 1400809439.55 11,11 604.68,571.91
0000000000f9_0093 1400808549.33 10,10 309.97,364.11
0000000000f9_00bc 1400809213.26 4,4 85.41,87.57
0000000000f9_0090 1400808857.39 10,10,10 246.41,345.66,262.04
0000000000f9_0047 1400809571.57 11,11 273.03,272.22
0000000000f9_0092 1400809205.42 10,10,10 100.28,157.81,284.87
0000000000f9_0050 1400808492.81 15,15 347.06,349.41
0000000000f9_0093 1400808734.46 10,10 280.31,237.29
0000000000f9_0047 1400809684.78 11,11 363.31,398.18
0000000000f9_00bc 1400809347.67 4,4 91.88,85.85
0000000000f9_0090 1400809108.41 10,10,10 264.16,189.35,212.81
0000000000f9_0093 1400808968.74 10,10 580.35,577.66
0000000000f9_0092 1400809381.72 10,10,10 344.83,280.97,356.24
0000000000f9_0047 1400809782.18 11,11 472.44,350.66
0000000000f9_0093 1400809089.09 10,10 615.03,588.36
0000000000f9_0090 1400809297.36 10,10,10 223.75,223.05,270.60
0000000000f9_0092 1400809445.2 30,10,10 172.88,202.73,307.42
0000000000f9_0050 1400808621.6 15,15 645.62,630.21
0000000000f9_0047 1400810076.54 11,11 536.92,355.45
0000000000f9_00bc 1400809536.02 4,4 84.28,82.75
0000000000f9_0093 1400809363.17 10,10 317.34,323.78
0000000000f9_0090 1400809490.34 10,10,10 274.13,199.23,223.40
0000000000f9_0092 1400809695.58 10,10,10 314.73,357.01,381.66
0000000000f9_0047 1400810340.71 11,11 419.04,390.60
0000000000f9_0093 1400809441.62 10,10 704.21,704.34
0000000000f9_0090 1400809735.43 10,10,10 423.80,221.38,290.08
0000000000f9_0047 1400810434.95 11,11 167.02,12.75
0000000000f9_0092 1400809832.08 30,10,10 293.53,319.19,460.95
0000000000f9_00bc 1400809752.42 4,4,4 100.71,85.44,88.70
0000000000f9_0093 1400809598.04 10,10 656.95,671.58
0000000000f9_0050 1400808872.77 15,15 757.35,759.70
0000000000f9_0090 1400810005.03 10,10 509.13,409.35
0000000000f9_0047 1400810645.28 11,11 572.44,451.20
0000000000f9_0092 1400810039.06 10,10,10 683.52,554.96,603.97
0000000000f9_0093 1400809894.35 12,10,10 90.47,348.61,271.68
0000000000f9_0090 1400810141.1 10,10 324.20,290.01
0000000000f9_0050 1400809082.29 15,15 843.40,736.79
0000000000f9_00bc 1400809873.91 4,4,4 138.89,66.55,133.23
0000000000f9_0092 1400810215.96 30,10,10 208.55,14.14,1635.43
0000000000f9_0093 1400810078.47 12,10,10 998.80,510.18,531.48
0000000000f9_0090 1400810201.9 10 1685.64
0000000000f9_0092 1400810506.13 10 26.12
0000000000f9_0090 1400810380.31 10,10 612.31,444.12
0000000000f9_0093 1400810146.29 12,10,10 1260.09,421.83,88.24
0000000000f9_0050 1400809363.82 15,15 1035.82,1024.84
0000000000f9_0093 1400810352.53 10,10 364.33,268.54
0000000000f9_0090 1400810605.54 10,10,10 380.98,247.57,424.20
0000000000f9_00bc 1400810089.55 4,10,4,4 258.15,168.31,248.19,236.07
0000000000f9_004d 1400808307.82
0000000000f9_0090 1400810670.92 10,10 547.92,447.94
0000000000f9_0093 1400810635.79 12,10,10 510.48,576.78,469.24
0000000000f9_0050 1400809531.34 15,15 865.41,860.55
0000000000f9_004d 1400808563.3 13,13,13 133.67,146.62,134.84
0000000000f9_00bc 1400810220.15 4,10,4,4 158.68,43.61,151.88,233.41
0000000000f9_004d 1400808711.97 13,13,13 101.02,183.71,121.50
0000000000f9_0050 1400809678.68 15,15 871.07,954.53
0000000000f9_004f 1400809507.62
0000000000f9_004d 1400808851.01 13,13,13 309.32,178.26,303.63
0000000000f9_0050 1400809755.21
0000000000f9_00bc 1400810332.84 4,10,4,4 221.09,190.57,153.48,268.18
0000000000f9_004f 1400809765.17 5,5,5,5,5,5 93.80,91.97,85.27,93.59,102.15,123.53
0000000000f9_004d 1400809123.21 13,13,13 167.19,149.07,404.69
0000000000f9_0050 1400809856.78 15,14 967.06,1211.98
0000000000f9_00bc 1400810411.5 4,10,4,4 153.47,179.74,152.08,237.62
0000000000f9_004d 1400809293.35 13,13,13 277.75,200.99,303.34
0000000000f9_004f 1400809909.25 5,5,5,5,5,5 100.09,454.84,1602.81,299.97,587.12,646.74
0000000000f9_0050 1400810081.76 15,14 1075.22,1097.06
0000000000f9_00bc 1400810612.21 4,10,4,4 168.05,20.24,165.27,231.82
0000000000f9_004d 1400809477.23 13,13,13 121.38,119.26,178.52
0000000000f9_004f 1400810165.38 5,5,5,5,5,5 88.15,242.17,108.59,84.74,367.31,476.23
0000000000f9_0050 1400810366.91 15,14 1684.80,267.66
0000000000f9_004f 1400810252.75 5,5,5,5,5,5 2778.38,290.38,1676.93,235.09,411.15,418.60
0000000000f9_004f 1400810421.0 5,5,5,5,5,5 91.28,264.67,186.87,85.07,412.76,406.91
0000000000f9_0050 1400810461.21 15,14 839.93,828.82
0000000000f9_004d 1400809725.26 13,13,12,13 97.50,354.00,85.40,326.05
0000000000f9_004f 1400810542.35 5,5,5,5,5,5 206.65,230.61,1126.10,124.58,350.16,470.17
0000000000f9_0050 1400810597.73 15,14 1830.28,299.75
0000000000f9_004d 1400809836.35 13,13,13,13 1485.37,173.48,346.28,347.17
0000000000f9_004f 1400810622.8 5,5,5,5,5,5 313.45,231.84,1457.32,247.37,441.13,462.61
0000000000f9_0050 1400810698.11 15,14 1741.06,1708.74
0000000000f9_004d 1400810029.58 13,13,13,13 1403.29,422.57,336.67,443.16
0000000000f9_004d 1400810221.39 13,13,12,13 1581.73,115.11,64.85,1644.05
0000000000f9_004d 1400810500.57 12,13 302.01,419.03
0000000000f9_004d 1400810635.52 13,13,12,13 133.26,162.53,150.45,295.36
0000000000f9_0007 1400808454.25 4,4,4 61.18,111.33,99.71
0000000000f9_0007 1400808551.87 4,4,4,4 81.40,128.53,116.57,145.60
0000000000f9_0007 1400808842.63 4,4,4,4 671.13,153.95,228.15,258.90
0000000000f9_0007 1400809138.49 4,4,4,4 317.78,290.78,229.86,307.97
0000000000f9_0007 1400809355.24 4,4,4,4 26.19,8.28,14.86,447.29
0000000000f9_0007 1400809555.03 4,4,4,4 9.63,125.45,231.29,200.87
0000000000f9_0007 1400809826.39 4,4,4,4 284.03,472.63,446.07,379.62
0000000000f9_0007 1400809959.3 4,4,4,4 142.98,347.56,268.39,316.35
0000000000f9_0007 1400810144.2 4,4,4,4 57.32,249.13,163.98,277.08
0000000000f9_0007 1400810271.11 4,4,4,4 106.98,263.70,303.00,329.63
0000000000f9_0007 1400810365.23 4,4,4 107.82,282.13,314.09
0000000000f9_0007 1400810625.2 4,4,4,4 210.61,224.54,162.17,240.04
0000000000f9_0051 1400807120.32
0000000000f9_0051 1400807367.29
0000000000f9_0051 1400807643.39 8 562.05
0000000000f9_0051 1400807715.45 8 688.39
0000000000f9_0051 1400807829.09 8 961.92
0000000000f9_0051 1400808064.13 8 1047.01
0000000000f9_0051 1400808332.84 8 1016.75
0000000000f9_0051 1400808613.7 8,8,8 97.29,97.39,1064.01
0000000000f9_0051 1400808893.78 8,8,8 685.22,539.52,741.85
0000000000f9_0051 1400809063.01 8,8,8 603.51,855.71,695.40
0000000000f9_0051 1400809170.77 8,8,8 1053.56,1337.24,1361.78
0000000000f9_0051 1400809435.39 8,8,8 735.73,901.67,959.58
0000000000f9_0051 1400809644.84 8,8,8 126.54,557.61,1191.24
0000000000f9_0052 1400809502.6
0000000000f9_0051 1400809898.06 8,8,5,8 655.89,395.19,534.54,741.40
0000000000f9_0052 1400809750.45 13,4,4 399.90,338.93,250.46
0000000000f9_0052 1400810015.38 13,4,4 372.45,305.90,258.78
0000000000f9_0052 1400810126.08 13,4,4 180.13,59.18,704.22
0000000000f9_0051 1400810043.29 8,8,8 830.64,590.94,826.19
0000000000f9_0052 1400810189.89 13,4,4 141.71,22.74,19.14
0000000000f9_0052 1400810360.65 13,4,4 714.16,656.46,637.04
0000000000f9_0051 1400810189.96 8,8,8,8 816.28,1966.95,1171.23,987.08
0000000000f9_0052 1400810595.21 13,4,4 91.44,590.36,556.75
0000000000f9_0052 1400810699.7 13,4,4 87.82,496.78,547.30
0000000000f9_0051 1400810320.53 8,8,5,8 798.55,716.85,576.73,811.37
0000000000f9_0051 1400810445.63 8,8,5,8 799.21,1086.80,1183.93,1213.93
0000000000f9_0051 1400810548.61 8,8,8,8 645.57,1026.15,948.85,1091.98
0000000000f9_0051 1400810676.06 8,8,8,8 752.93,980.79,1513.02,1278.40
0000000000f9_003f 1400807101.09
0000000000f9_003f 1400807301.76 5 153.61
0000000000f9_003f 1400807529.27 5,4 113.90,8.79
0000000000f9_003f 1400807792.25 5,4 259.25,236.80
0000000000f9_003f 1400808079.68 5,4 135.78,282.04
0000000000f9_003f 1400808313.74 4 374.24
0000000000f9_003f 1400808375.96 4 511.05
0000000000f9_003f 1400808596.07 4,4 321.50,404.00
0000000000f9_003f 1400808761.99 4,4,4,4 121.78,153.58,131.88,161.58
0000000000f9_003f 1400808886.26 4,5,4,4 112.65,304.81,277.91,298.60
0000000000f9_003f 1400808959.12 4,5,4,4 91.20,58.27,8.66,467.72
0000000000f9_003f 1400809164.44 4,5,4,4 198.71,375.89,276.25,420.78
0000000000f9_003f 1400809234.82 4,4,4,4 189.25,437.35,352.72,454.99
0000000000f9_003f 1400809500.97 4,5,4,4 133.15,216.80,266.62,307.30
0000000000f9_003f 1400809607.23 4,4,4,4 339.75,320.56,225.59,362.95
0000000000f9_003f 1400809849.59 4,5,4,4 254.26,379.90,352.90,409.55
0000000000f9_003f 1400810143.6 4,5,4,4 232.79,187.58,261.98,272.90
0000000000f9_003f 1400810365.28 4,5,4,4 8.68,13.57,16.18,20.60
0000000000f9_003f 1400810561.93 5 135.68
0000000000f9_003f 1400810640.1 4,5,4,4 122.94,90.77,315.61,405.95
