0000000000f9_00a3 1400950881.12
0000000000f9_00a3 1400950931.15
0000000000f9_00a3 1400950981.2
0000000000f9_00a8 1400950881.29
0000000000f9_00a3 1400951031.25
0000000000f9_00a8 1400950931.33
0000000000f9_00a3 1400951081.3 1,5 2.11,85.17
0000000000f9_00a8 1400950981.38
0000000000f9_00aa 1400950881.24
0000000000f9_00aa 1400950931.29
0000000000f9_00a8 1400951031.42
0000000000f9_00aa 1400950981.33
0000000000f9_00ab 1400950881.26
0000000000f9_00a3 1400951131.31 1,5 2.11,85.17
0000000000f9_00a8 1400951081.47
0000000000f9_00a4 1400950881.21
0000000000f9_00aa 1400951031.37
0000000000f9_00ab 1400950931.31
0000000000f9_00a4 1400950931.25
0000000000f9_00a3 1400951181.36 1,5 2.11,85.17
0000000000f9_00a9 1400950881.18
0000000000f9_00ab 1400950981.34
0000000000f9_00a8 1400951131.51 3,5 11.54,16.88
0000000000f9_00aa 1400951081.42 1 3.45
0000000000f9_0007 1400950881.12
0000000000f9_00a4 1400950981.29
0000000000f9_00a3 1400951231.4 5,1 82.32,3.49
0000000000f9_00aa 1400951131.47 1,13 3.45,103.63
0000000000f9_00a8 1400951181.56 3,5 11.54,16.88
0000000000f9_00a4 1400951031.34
0000000000f9_00a9 1400950931.23
0000000000f9_00a6 1400950881.23
0000000000f9_0007 1400950931.18
0000000000f9_00a7 1400950881.26
0000000000f9_00ab 1400951031.37
0000000000f9_00a3 1400951281.45 5,1 82.32,3.49
0000000000f9_00a4 1400951081.39
0000000000f9_00a8 1400951231.6 3 12.03
0000000000f9_00a9 1400950981.25
0000000000f9_00aa 1400951181.52 1,13 3.45,103.63
0000000000f9_00a7 1400950931.31
0000000000f9_0007 1400950981.22
0000000000f9_00a5 1400950881.16
0000000000f9_00a6 1400950931.28
0000000000f9_008c 1400950881.55
0000000000f9_00a7 1400950981.36
0000000000f9_00a8 1400951281.65 3 12.03
0000000000f9_00a3 1400951331.5 5,1 82.32,3.49
0000000000f9_00ab 1400951081.42
0000000000f9_00aa 1400951231.55 1,13 3.91,97.51
0000000000f9_00a4 1400951131.43 1,13 3.39,104.33
0000000000f9_0007 1400951031.26
0000000000f9_0082 1400950881.37
0000000000f9_00a7 1400951031.41
0000000000f9_00a9 1400951031.3
0000000000f9_00a6 1400950981.33
0000000000f9_00a5 1400950931.21
0000000000f9_00a8 1400951331.7 3 12.03
0000000000f9_00a3 1400951381.55 5,1 82.32,3.49
0000000000f9_008c 1400950931.6
0000000000f9_0007 1400951081.31
0000000000f9_00a4 1400951181.48 1,13 3.39,104.33
0000000000f9_00a7 1400951081.46 1 2.26
0000000000f9_00a5 1400950981.25
0000000000f9_00ab 1400951131.46 5,1 83.72,3.47
0000000000f9_00a8 1400951381.75 3 12.03
0000000000f9_00a6 1400951031.36
0000000000f9_0082 1400950931.43
0000000000f9_0076 1400950881.42
0000000000f9_0057 1400950881.39
0000000000f9_00aa 1400951281.6 1,13 3.91,97.51
0000000000f9_00a9 1400951081.35
0000000000f9_00a3 1400951431.6 5,1 82.32,3.49
0000000000f9_00a5 1400951031.3
0000000000f9_008c 1400950981.65
0000000000f9_00a8 1400951431.8 3 12.03
0000000000f9_00a7 1400951131.51 1,5 2.26,84.98
0000000000f9_00a4 1400951231.49 1,13 4.88,104.75
0000000000f9_0052 1400950881.45
0000000000f9_00a6 1400951081.41
0000000000f9_0066 1400950881.47
0000000000f9_0007 1400951131.33 4,15 7.15,123.14
0000000000f9_00a5 1400951081.35 5 80.56
0000000000f9_0076 1400950931.47
0000000000f9_0082 1400950981.45
0000000000f9_00a3 1400951481.65 5,1 82.32,3.49
0000000000f9_00ab 1400951181.52 5,1 83.72,3.47
0000000000f9_0057 1400950931.45
0000000000f9_00a8 1400951481.82 3 12.03
0000000000f9_00a7 1400951181.51 1,5 2.26,84.98
0000000000f9_00a4 1400951281.53 1,13 4.88,104.75
0000000000f9_008c 1400951031.69
0000000000f9_0052 1400950931.5
0000000000f9_00a5 1400951131.39 5,1 80.56,2.29
0000000000f9_00a8 1400951531.87 13 100.35
0000000000f9_00a3 1400951531.7 5,1 82.54,3.07
0000000000f9_0066 1400950931.52
0000000000f9_00aa 1400951331.64 1,13 3.91,97.51
0000000000f9_00a9 1400951131.39 5,1 80.89,3.51
0000000000f9_0082 1400951031.5
0000000000f9_0076 1400950981.5
0000000000f9_0007 1400951181.38 4,15 7.15,123.14
0000000000f9_0065 1400950881.77
0000000000f9_00a6 1400951131.46 1,5 3.59,14.60
0000000000f9_00a7 1400951231.56 5,1 81.52,3.41
0000000000f9_0057 1400950981.49
0000000000f9_0034 1400950881.39
0000000000f9_00ab 1400951231.57 5,1 85.15,3.33
0000000000f9_00a8 1400951581.91 13 100.35
0000000000f9_0052 1400950981.52
0000000000f9_00a3 1400951581.72 5,1 82.54,3.07
0000000000f9_00a4 1400951331.58 1,13 4.88,104.75
0000000000f9_00a5 1400951181.43 5,1 80.56,2.29
0000000000f9_00aa 1400951381.68 1,13 3.91,97.51
0000000000f9_0055 1400950881.47
0000000000f9_0096 1400950881.54
0000000000f9_0058 1400950888.27
0000000000f9_0066 1400950981.57
0000000000f9_0082 1400951081.56
0000000000f9_0076 1400951031.55
0000000000f9_00a6 1400951181.51 1,5 3.59,14.60
0000000000f9_00a7 1400951281.61 5,1 81.52,3.41
0000000000f9_00a9 1400951181.43 5,1 80.89,3.51
0000000000f9_008c 1400951081.74 4 4.96
0000000000f9_0007 1400951231.43 4,15 11.53,116.57
0000000000f9_00a5 1400951231.44 5,1 81.46,3.27
0000000000f9_00ab 1400951281.62 5,1 85.15,3.33
0000000000f9_0034 1400950931.43
0000000000f9_0065 1400950931.82
0000000000f9_00a4 1400951381.63 1,13 4.88,104.75
0000000000f9_00aa 1400951431.73 1,13 3.91,97.51
0000000000f9_0052 1400951031.57
0000000000f9_0057 1400951031.55
0000000000f9_00a6 1400951231.54 1 3.73
0000000000f9_0055 1400950931.53
0000000000f9_0066 1400951031.57
0000000000f9_0096 1400950931.57
0000000000f9_0058 1400950938.33
0000000000f9_00a7 1400951331.66 5,1 81.52,3.41
0000000000f9_0076 1400951081.6
0000000000f9_00a6 1400951281.58 1 3.73
0000000000f9_00aa 1400951481.78 1,13 3.91,97.51
0000000000f9_00a5 1400951281.49 5,1 81.46,3.27
0000000000f9_00a4 1400951431.68 1,13 4.88,104.75
0000000000f9_00a9 1400951231.45 5,1 82.15,3.74
0000000000f9_0007 1400951281.49 4,15 11.53,116.57
0000000000f9_0052 1400951081.62
0000000000f9_00a6 1400951331.61 1 3.73
0000000000f9_0065 1400950981.83
0000000000f9_0034 1400950981.48
0000000000f9_0068 1400950881.58
0000000000f9_0082 1400951131.61 2,2 6.24,5.22
0000000000f9_00a7 1400951381.71 5,1 81.52,3.41
0000000000f9_0055 1400950981.58
0000000000f9_0096 1400950981.62
0000000000f9_00aa 1400951531.83 1,13 2.99,105.97
0000000000f9_00a6 1400951381.64 1 3.73
0000000000f9_00a4 1400951481.72 1,13 4.88,104.75
0000000000f9_00a5 1400951331.53 5,1 81.46,3.27
0000000000f9_0076 1400951131.65
0000000000f9_00ab 1400951331.67 5,1 85.15,3.33
0000000000f9_0057 1400951081.6 1 2.94
0000000000f9_0058 1400950988.37
0000000000f9_0066 1400951081.62 1 5.09
0000000000f9_00a6 1400951431.68 1 3.73
0000000000f9_00a7 1400951431.74 5,1 81.52,3.41
0000000000f9_00aa 1400951581.88 1,13 2.99,105.97
0000000000f9_0034 1400951031.53
0000000000f9_0055 1400951031.63
0000000000f9_0007 1400951331.53 4,15 11.53,116.57
0000000000f9_00a4 1400951531.75 1,13 2.94,99.56
0000000000f9_0065 1400951031.85
0000000000f9_00a5 1400951381.57 5,1 81.46,3.27
0000000000f9_00a6 1400951481.72 1 3.73
0000000000f9_0096 1400951031.67
0000000000f9_00a9 1400951281.5 5,1 82.15,3.74
0000000000f9_0076 1400951181.7
0000000000f9_0052 1400951131.66 7,4 86.17,72.12
0000000000f9_0058 1400951038.42
0000000000f9_00a7 1400951481.79 5,1 81.52,3.41
0000000000f9_00a6 1400951531.72 1 2.89
0000000000f9_0068 1400950931.63
0000000000f9_00a5 1400951431.59 5,1 81.46,3.27
0000000000f9_008c 1400951131.79 4 4.96
0000000000f9_008c 1400951181.84 4,4 4.96,10.10
0000000000f9_00ab 1400951381.72 5,1 85.15,3.33
0000000000f9_0082 1400951181.66 2,2 6.24,5.22
0000000000f9_00a4 1400951581.79 1,13 2.94,99.56
0000000000f9_00a6 1400951581.77 1 2.89
0000000000f9_0034 1400951081.58
0000000000f9_00a5 1400951481.62 5,1 81.46,3.27
0000000000f9_0007 1400951381.58 4,15 11.53,116.57
0000000000f9_00a7 1400951531.83 5,1 82.02,3.32
0000000000f9_0057 1400951131.65 1,5 2.94,83.59
0000000000f9_0065 1400951081.9
0000000000f9_00a9 1400951331.53 5,1 82.15,3.74
0000000000f9_0066 1400951131.66 1,1 5.09,5.33
0000000000f9_00ab 1400951431.77 5,1 85.15,3.33
0000000000f9_0096 1400951081.72 2 128.35
0000000000f9_0055 1400951081.65 1,5 4.54,82.18
0000000000f9_00a5 1400951531.67 5,1 82.88,3.32
0000000000f9_008c 1400951231.89 4,4 9.05,16.71
0000000000f9_00a7 1400951581.86 5,1 82.02,3.32
0000000000f9_0058 1400951088.44 3 19.74
0000000000f9_0076 1400951231.76 1,5 16.18,87.81
0000000000f9_0052 1400951181.68 7,4 86.17,72.12
0000000000f9_00a5 1400951581.7 5,1 82.88,3.32
0000000000f9_0034 1400951131.63
0000000000f9_00a9 1400951381.56 5,1 82.15,3.74
0000000000f9_0068 1400950981.64
0000000000f9_0082 1400951231.71 2,2 13.98,6.06
0000000000f9_0065 1400951131.95
0000000000f9_0007 1400951431.62 4,15 11.53,116.57
0000000000f9_00ab 1400951481.82 5,1 85.15,3.33
0000000000f9_0066 1400951181.69 1,1 5.09,5.33
0000000000f9_00a9 1400951431.6 5,1 82.15,3.74
0000000000f9_0055 1400951131.7 1,5 4.54,82.18
0000000000f9_0057 1400951181.67 1,5 2.94,83.59
0000000000f9_0034 1400951181.68
0000000000f9_0065 1400951182.0
0000000000f9_00ab 1400951531.85 5,1 85.89,3.39
0000000000f9_0096 1400951131.77 2,4 128.35,11.48
0000000000f9_008c 1400951281.94 4,4 9.05,16.71
0000000000f9_0007 1400951481.67 4,15 11.53,116.57
0000000000f9_0052 1400951231.72 7,4 87.73,9.27
0000000000f9_0076 1400951281.8 1,5 16.18,87.81
0000000000f9_00a9 1400951481.65 5,1 82.15,3.74
0000000000f9_0058 1400951138.48 3,13 19.74,110.96
0000000000f9_0068 1400951031.69
0000000000f9_0082 1400951281.76 2,2 13.98,6.06
0000000000f9_003f 1400950881.95
0000000000f9_00ab 1400951581.87 5,1 85.89,3.39
0000000000f9_001c 1400950882.0
0000000000f9_00a9 1400951531.7 5,1 82.23,3.20
0000000000f9_0065 1400951232.05 13 105.09
0000000000f9_0055 1400951181.75 1,5 4.54,82.18
0000000000f9_0034 1400951231.71 13 113.32
0000000000f9_0007 1400951531.68 4,15 6.48,117.63
0000000000f9_0066 1400951231.74 1,1 11.99,4.14
0000000000f9_0096 1400951181.82 2,4 128.35,11.48
0000000000f9_008c 1400951331.99 4,4 9.05,16.71
0000000000f9_003f 1400950932.0
0000000000f9_0057 1400951231.72 5,1 82.57,4.86
0000000000f9_0052 1400951281.78 7,4 87.73,9.27
0000000000f9_001c 1400950932.06
0000000000f9_0076 1400951331.81 1,5 16.18,87.81
0000000000f9_00a9 1400951581.75 5,1 82.23,3.20
0000000000f9_0068 1400951081.74
0000000000f9_0082 1400951331.81 2,2 13.98,6.06
0000000000f9_0058 1400951188.54 3,13 19.74,110.96
0000000000f9_0007 1400951581.73 4,15 6.48,117.63
0000000000f9_003f 1400950982.03
0000000000f9_0065 1400951282.09 13 105.09
0000000000f9_0096 1400951231.87 4 16.22
0000000000f9_001c 1400950982.11
0000000000f9_0034 1400951281.76 13 113.32
0000000000f9_0055 1400951231.8 5,1 82.94,8.69
0000000000f9_0066 1400951281.78 1,1 11.99,4.14
0000000000f9_008c 1400951382.04 4,4 9.05,16.71
0000000000f9_0052 1400951331.78 7,4 87.73,9.27
0000000000f9_0076 1400951381.86 1,5 16.18,87.81
0000000000f9_0057 1400951281.75 5,1 82.57,4.86
0000000000f9_0082 1400951381.83 2,2 13.98,6.06
0000000000f9_0065 1400951332.15 13 105.09
0000000000f9_0096 1400951281.89 4 16.22
0000000000f9_001c 1400951032.13
0000000000f9_0058 1400951238.59 3,13 126.00,107.72
0000000000f9_0034 1400951331.81 13 113.32
0000000000f9_0055 1400951281.86 5,1 82.94,8.69
0000000000f9_003f 1400951032.07
0000000000f9_001c 1400951082.18
0000000000f9_008c 1400951432.09 4,4 9.05,16.71
0000000000f9_0066 1400951331.84 1,1 11.99,4.14
0000000000f9_0068 1400951131.76 1,5 2.95,83.67
0000000000f9_0052 1400951381.83 7,4 87.73,9.27
0000000000f9_0076 1400951431.91 1,5 16.18,87.81
0000000000f9_0082 1400951431.89 2,2 13.98,6.06
0000000000f9_0096 1400951331.94 4 16.22
0000000000f9_003f 1400951082.13
0000000000f9_0057 1400951331.79 5,1 82.57,4.86
0000000000f9_001c 1400951132.24
0000000000f9_0065 1400951382.19 13 105.09
0000000000f9_0055 1400951331.9 5,1 82.94,8.69
0000000000f9_0058 1400951288.64 3,13 126.00,107.72
0000000000f9_003f 1400951132.18
0000000000f9_0034 1400951381.86 13,1 113.32,4.73
0000000000f9_0052 1400951431.88 7,4 87.73,9.27
0000000000f9_008c 1400951482.14 4,4 9.05,16.71
0000000000f9_0066 1400951381.84 1,1 11.99,4.14
0000000000f9_001c 1400951182.26
0000000000f9_0096 1400951381.99 4 16.22
0000000000f9_0076 1400951481.96 1,5 16.18,87.81
0000000000f9_003f 1400951182.23
0000000000f9_0082 1400951481.89 2,2 13.98,6.06
0000000000f9_0065 1400951432.24 13 105.09
0000000000f9_0068 1400951181.79 1,5 2.95,83.67
0000000000f9_0057 1400951381.85 5,1 82.57,4.86
0000000000f9_0055 1400951381.96 5,1 82.94,8.69
0000000000f9_0058 1400951338.69 3,13 126.00,107.72
0000000000f9_001c 1400951232.31 7 34.34
0000000000f9_008c 1400951532.19 4,4 12.40,25.09
0000000000f9_0034 1400951431.92 13,1 113.32,4.73
0000000000f9_0052 1400951481.93 7,4 87.73,9.27
0000000000f9_003f 1400951232.28
0000000000f9_0096 1400951432.04 4 16.22
0000000000f9_0066 1400951431.89 1,1 11.99,4.14
0000000000f9_0076 1400951532.01 1,5 5.47,86.20
0000000000f9_0082 1400951531.91 2,2 15.10,5.17
0000000000f9_0065 1400951482.29 13 105.09
0000000000f9_003f 1400951282.33
0000000000f9_001c 1400951282.36 7 34.34
0000000000f9_0055 1400951432.0 5,1 82.94,8.69
0000000000f9_0096 1400951482.1 4 16.22
0000000000f9_0057 1400951431.86 5,1 82.57,4.86
0000000000f9_008c 1400951582.24 4,4 12.40,25.09
0000000000f9_0052 1400951531.94 7,4 86.93,13.44
0000000000f9_0058 1400951388.72 3,13 126.00,107.72
0000000000f9_0034 1400951481.93 13,1 113.32,4.73
0000000000f9_0066 1400951481.94 1,1 11.99,4.14
0000000000f9_003f 1400951332.38
0000000000f9_0076 1400951582.05 1,5 5.47,86.20
0000000000f9_0068 1400951231.84 5,1 84.34,4.86
0000000000f9_0082 1400951581.94 2,2 15.10,5.17
0000000000f9_001c 1400951332.41 7 34.34
0000000000f9_0065 1400951532.31 13 124.78
0000000000f9_0055 1400951482.04 5,1 82.94,8.69
0000000000f9_0096 1400951532.15 4 10.30
0000000000f9_0052 1400951581.96 7,4 86.93,13.44
0000000000f9_0057 1400951481.87 5,1 82.57,4.86
0000000000f9_003f 1400951382.43
0000000000f9_001c 1400951382.46 7 34.34
0000000000f9_0058 1400951438.76 3,13 126.00,107.72
0000000000f9_0066 1400951532.0 1,1 12.23,4.29
0000000000f9_0034 1400951531.98 13,1 116.23,5.34
0000000000f9_0065 1400951582.36 13 124.78
0000000000f9_0096 1400951582.2 4 10.30
0000000000f9_0055 1400951532.09 5,1 84.12,4.57
0000000000f9_0068 1400951281.88 5,1 84.34,4.86
0000000000f9_001c 1400951432.52 7 34.34
0000000000f9_003f 1400951432.48
0000000000f9_0057 1400951531.92 5,1 84.31,4.27
0000000000f9_0066 1400951582.04 1,1 12.23,4.29
0000000000f9_0058 1400951488.82 3,13 126.00,107.72
0000000000f9_0034 1400951582.03 13,1 116.23,5.34
0000000000f9_0055 1400951582.1 5,1 84.12,4.57
0000000000f9_003f 1400951482.53
0000000000f9_001c 1400951482.56 7 34.34
0000000000f9_0058 1400951538.87 13 112.16
0000000000f9_0083 1400950883.37
0000000000f9_0057 1400951581.93 5,1 84.31,4.27
0000000000f9_003f 1400951532.57 4,10 17.13,97.73
0000000000f9_001c 1400951532.61 7 19.40
0000000000f9_0068 1400951331.93 5,1 84.34,4.86
0000000000f9_0083 1400950933.4
0000000000f9_0058 1400951588.92 13 112.16
0000000000f9_001c 1400951582.66 7 19.40
0000000000f9_0083 1400950983.45
0000000000f9_003f 1400951582.62 4,10 17.13,97.73
0000000000f9_0068 1400951381.98 5,1 84.34,4.86
0000000000f9_0083 1400951033.49
0000000000f9_0083 1400951083.54
0000000000f9_0083 1400951133.59
0000000000f9_0068 1400951432.03 5,1 84.34,4.86
0000000000f9_0083 1400951183.63
0000000000f9_00ca 1400950884.28
0000000000f9_00ca 1400950934.33
0000000000f9_0083 1400951233.68
0000000000f9_00ca 1400950984.38
0000000000f9_00ca 1400951034.43
0000000000f9_00ca 1400951084.47
0000000000f9_00ca 1400951134.52
0000000000f9_0068 1400951482.08 5,1 84.34,4.86
0000000000f9_0083 1400951283.73
0000000000f9_00ca 1400951184.57
0000000000f9_00ca 1400951234.62
0000000000f9_00ca 1400951284.67
0000000000f9_0083 1400951333.78
0000000000f9_00ca 1400951334.69
0000000000f9_00ca 1400951384.74
0000000000f9_00ca 1400951434.78
0000000000f9_00ca 1400951484.83
0000000000f9_0083 1400951383.83
0000000000f9_00ca 1400951534.86
0000000000f9_007f 1400958187.49
0000000000f9_0068 1400951532.13 5,1 83.64,4.61
0000000000f9_003a 1400950884.19
0000000000f9_00ca 1400951584.91
0000000000f9_0083 1400951433.88
0000000000f9_007f 1400958237.54
0000000000f9_007f 1400958287.54
0000000000f9_0083 1400951483.93
0000000000f9_0068 1400951582.17 5,1 83.64,4.61
0000000000f9_007f 1400958337.6
0000000000f9_0083 1400951533.97
0000000000f9_007f 1400958387.64
0000000000f9_00b5 1400950884.67
0000000000f9_0083 1400951584.02
0000000000f9_007f 1400958437.69
0000000000f9_00b5 1400950934.71
0000000000f9_007f 1400958487.71
0000000000f9_003a 1400950934.25
0000000000f9_00b5 1400950984.76
0000000000f9_007f 1400958537.76
0000000000f9_00bc 1400950884.87
0000000000f9_00b5 1400951034.82
0000000000f9_007f 1400958587.8
0000000000f9_00b5 1400951084.87
0000000000f9_007f 1400958637.86
0000000000f9_00bc 1400950934.89
0000000000f9_00c6 1400950884.12
0000000000f9_0049 1400950885.03
0000000000f9_00b5 1400951134.92
0000000000f9_007f 1400958687.91
0000000000f9_0049 1400950935.08
0000000000f9_00b5 1400951184.97
0000000000f9_00c6 1400950934.17
0000000000f9_007f 1400958737.95
0000000000f9_00bc 1400950984.94
0000000000f9_0049 1400950985.13
0000000000f9_00b5 1400951235.0
0000000000f9_007f 1400958788.0
0000000000f9_003a 1400950984.31
0000000000f9_00c6 1400950984.22
0000000000f9_0049 1400951035.14
0000000000f9_007f 1400958838.06
0000000000f9_00b5 1400951285.06
0000000000f9_00bc 1400951034.99
0000000000f9_00bf 1400950885.4
0000000000f9_0049 1400951085.19
0000000000f9_00bf 1400950935.45
0000000000f9_00b5 1400951335.11
0000000000f9_007f 1400958888.1
0000000000f9_00bf 1400950985.5
0000000000f9_00c6 1400951034.25
0000000000f9_00bf 1400951035.55
0000000000f9_00bf 1400951085.6
0000000000f9_0049 1400951135.24
0000000000f9_00b5 1400951385.12
0000000000f9_00bf 1400951135.61
0000000000f9_00bc 1400951085.04
0000000000f9_0049 1400951185.29
0000000000f9_00c6 1400951084.3
0000000000f9_00b5 1400951435.18
0000000000f9_00b5 1400951485.23
0000000000f9_0049 1400951235.34 12 34.94
0000000000f9_00c6 1400951134.35
0000000000f9_00bf 1400951185.66
0000000000f9_00bf 1400951235.71 13 34.63
0000000000f9_00bf 1400951285.76 13 34.63
0000000000f9_00bf 1400951335.8 13 34.63
0000000000f9_00bf 1400951385.85 13,13 34.63,111.59
0000000000f9_0090 1400950885.89
0000000000f9_00bf 1400951435.9 13,13 34.63,111.59
0000000000f9_00bc 1400951135.09 12 26.87
0000000000f9_00b5 1400951535.28
0000000000f9_00bf 1400951485.95 13,13 34.63,111.59
0000000000f9_0049 1400951285.38 12 34.94
0000000000f9_00bf 1400951536.0 13,13 32.86,113.32
0000000000f9_0090 1400950935.93
0000000000f9_003a 1400951034.38
0000000000f9_00bf 1400951586.04 13,13 32.86,113.32
0000000000f9_00b5 1400951585.28
0000000000f9_0093 1400950886.29
0000000000f9_0091 1400950885.92
0000000000f9_0092 1400950885.83
0000000000f9_0049 1400951335.43 12 34.94
0000000000f9_00c6 1400951184.39
0000000000f9_0090 1400950985.96
0000000000f9_0051 1400950886.69
0000000000f9_0093 1400950936.32
0000000000f9_0091 1400950935.98
0000000000f9_0092 1400950935.85
0000000000f9_0090 1400951036.02
0000000000f9_00bc 1400951185.14 12,4 26.87,83.12
0000000000f9_0093 1400950986.37
0000000000f9_0092 1400950985.9
0000000000f9_0091 1400950986.01
0000000000f9_00c6 1400951234.44 10 20.92
0000000000f9_0051 1400950936.72
0000000000f9_0093 1400951036.42
0000000000f9_0091 1400951036.04
0000000000f9_0092 1400951035.95
0000000000f9_0090 1400951086.07 10,6 104.12,8.86
0000000000f9_00c6 1400951284.48 10 20.92
0000000000f9_0093 1400951086.45 10 33.94
0000000000f9_0091 1400951086.09 10 111.85
0000000000f9_0051 1400950986.77
0000000000f9_0092 1400951085.99 10 100.73
0000000000f9_0090 1400951136.08 10,6 104.12,8.86
0000000000f9_00bc 1400951235.19 12,4 31.73,82.82
0000000000f9_0093 1400951136.5 10,9 33.94,25.85
0000000000f9_0091 1400951136.15 10,10 111.85,28.33
0000000000f9_00c6 1400951334.53 10 20.92
0000000000f9_0049 1400951385.49 12,4 34.94,82.73
0000000000f9_0090 1400951186.13 10,6 104.12,8.86
0000000000f9_0051 1400951036.82
0000000000f9_0093 1400951186.55 10,9 33.94,25.85
0000000000f9_0091 1400951186.2 10,10 111.85,28.33
0000000000f9_00bc 1400951285.24 12,4 31.73,82.82
0000000000f9_0092 1400951186.06 10,30 100.73,108.18
0000000000f9_0049 1400951435.54 12,4 34.94,82.73
0000000000f9_003a 1400951084.45 5 16.50
0000000000f9_0090 1400951236.16 10,6 115.23,7.43
0000000000f9_00c6 1400951384.57 10 20.92
0000000000f9_0051 1400951086.87
0000000000f9_0093 1400951236.56 10,9 37.94,26.49
0000000000f9_0091 1400951236.23 10,10 104.77,31.47
0000000000f9_0092 1400951236.11 10,30 101.03,130.56
0000000000f9_0049 1400951485.59 12,4 34.94,82.73
0000000000f9_0090 1400951286.22 10,6 115.23,7.43
0000000000f9_0093 1400951286.58 10,9 37.94,26.49
0000000000f9_0091 1400951286.25 10,10 104.77,31.47
0000000000f9_00c6 1400951434.62 10 20.92
0000000000f9_0092 1400951286.16 10,30 101.03,130.56
0000000000f9_0051 1400951136.92 16 32.61
0000000000f9_0049 1400951535.64 12,4 30.88,82.92
0000000000f9_00bc 1400951335.28 12,4 31.73,82.82
0000000000f9_0090 1400951336.27 10,6 115.23,7.43
0000000000f9_0050 1400950886.57
0000000000f9_0093 1400951336.63 10,9 37.94,26.49
0000000000f9_0091 1400951336.3 10,10 104.77,31.47
0000000000f9_0047 1400950886.53
0000000000f9_0092 1400951336.21 10,30 101.03,130.56
0000000000f9_00c6 1400951484.66 10 20.92
0000000000f9_0049 1400951585.67 12,4 30.88,82.92
0000000000f9_0090 1400951386.29 10,6 115.23,7.43
0000000000f9_0050 1400950936.61
0000000000f9_0093 1400951386.66 10,9 37.94,26.49
0000000000f9_0091 1400951386.35 10,10 104.77,31.47
0000000000f9_0047 1400950936.54
0000000000f9_0047 1400950986.58
0000000000f9_0051 1400951186.97 16,8 32.61,88.51
0000000000f9_00bc 1400951385.3 12,4 31.73,82.82
0000000000f9_0092 1400951386.26 10,30 101.03,130.56
0000000000f9_0090 1400951436.33 10,6 115.23,7.43
0000000000f9_00c6 1400951534.69 10 53.83
0000000000f9_0047 1400951036.59
0000000000f9_0093 1400951436.71 10,9 37.94,26.49
0000000000f9_0091 1400951436.39 10,10 104.77,31.47
0000000000f9_0050 1400950986.66
0000000000f9_0092 1400951436.31 10,30 101.03,130.56
0000000000f9_0047 1400951086.65 11 105.66
0000000000f9_0090 1400951486.38 10,6 115.23,7.43
0000000000f9_0093 1400951486.75 10,9 37.94,26.49
0000000000f9_0091 1400951486.44 10,10 104.77,31.47
0000000000f9_0050 1400951036.71
0000000000f9_00c6 1400951584.75 10 53.83
0000000000f9_0051 1400951237.02 16,8 37.11,92.98
0000000000f9_0092 1400951486.37 10,30 101.03,130.56
0000000000f9_00bc 1400951435.35 12,4 31.73,82.82
0000000000f9_003a 1400951134.52 5,13 16.50,107.70
0000000000f9_0090 1400951536.43 10,6 100.82,9.14
0000000000f9_0093 1400951536.8 10,9 27.83,18.19
0000000000f9_0091 1400951536.48 10,10 100.04,18.31
0000000000f9_004d 1400950887.08
0000000000f9_0092 1400951536.41 10 99.51
0000000000f9_0047 1400951136.67 11,6 105.66,9.19
0000000000f9_0090 1400951586.46 10,6 100.82,9.14
0000000000f9_004d 1400950937.14
0000000000f9_0048 1400950887.05
0000000000f9_0093 1400951586.85 10,9 27.83,18.19
0000000000f9_0091 1400951586.5 10,10 100.04,18.31
0000000000f9_0048 1400950937.11
0000000000f9_0050 1400951086.73 15 22.85
0000000000f9_0092 1400951586.46 10 99.51
0000000000f9_004d 1400950987.18
0000000000f9_0051 1400951287.07 16,8 37.11,92.98
0000000000f9_00bc 1400951485.4 12,4 31.73,82.82
0000000000f9_0047 1400951186.7 11,6 105.66,9.19
0000000000f9_0048 1400950987.12
0000000000f9_0047 1400951236.75 11,6 107.68,9.78
0000000000f9_0048 1400951037.17
0000000000f9_004d 1400951037.23
0000000000f9_004d 1400951087.23 13 108.89
0000000000f9_0050 1400951136.78 15,14 22.85,28.82
0000000000f9_0051 1400951337.11 16,8 37.11,92.98
0000000000f9_00bc 1400951535.45 12,4 26.92,82.67
0000000000f9_0047 1400951286.8 11,6 107.68,9.78
0000000000f9_004d 1400951137.28 13,2 108.89,4.11
0000000000f9_0048 1400951087.22 18 149.69
0000000000f9_0048 1400951137.28 18,18 149.69,51.47
0000000000f9_0047 1400951336.85 11,6 107.68,9.78
0000000000f9_0050 1400951186.83 15,14 22.85,28.82
0000000000f9_00bc 1400951585.49 12,4 26.92,82.67
0000000000f9_0051 1400951387.17 16,8 37.11,92.98
0000000000f9_004d 1400951187.33 13,2 108.89,4.11
0000000000f9_0048 1400951187.33 18,18 149.69,51.47
0000000000f9_003a 1400951184.58 5,13 16.50,107.70
0000000000f9_004d 1400951237.35 13,2 99.44,3.28
0000000000f9_0047 1400951386.86 11,6 107.68,9.78
0000000000f9_0048 1400951237.38 18,18 125.43,42.65
0000000000f9_004d 1400951287.4 13,2 99.44,3.28
0000000000f9_0050 1400951236.88 15,14 60.37,75.36
0000000000f9_0051 1400951437.22 16,8 37.11,92.98
0000000000f9_0047 1400951436.91 11,6 107.68,9.78
0000000000f9_0047 1400951486.96 11,6 107.68,9.78
0000000000f9_004d 1400951337.45 13,2 99.44,3.28
0000000000f9_0050 1400951286.94 15,14 60.37,75.36
0000000000f9_0048 1400951287.43 18,18 125.43,42.65
0000000000f9_0048 1400951337.48 18,18 125.43,42.65
0000000000f9_004d 1400951387.5 13,2 99.44,3.28
0000000000f9_0051 1400951487.27 16,8 37.11,92.98
0000000000f9_0047 1400951537.0 11,6 114.32,9.81
0000000000f9_0048 1400951387.53 18,18 125.43,42.65
0000000000f9_004d 1400951437.55 13,2 99.44,3.28
0000000000f9_0047 1400951587.05 11,6 114.32,9.81
0000000000f9_0048 1400951437.58 18,18 125.43,42.65
0000000000f9_0050 1400951336.99 15,14 60.37,75.36
0000000000f9_003a 1400951234.65 13 128.42
0000000000f9_0051 1400951537.31 16,8 30.61,88.88
0000000000f9_004d 1400951487.58 13,2 99.44,3.28
0000000000f9_004d 1400951537.63 13,2 112.01,3.51
0000000000f9_0050 1400951387.04 15,14 60.37,75.36
0000000000f9_004d 1400951587.68 13,2 112.01,3.51
0000000000f9_0051 1400951587.36 16,8 30.61,88.88
0000000000f9_0048 1400951487.63 18,18 125.43,42.65
0000000000f9_0048 1400951537.68 18,18 118.39,47.18
0000000000f9_0048 1400951587.73 18,18 118.39,47.18
0000000000f9_0050 1400951437.05 15,14 60.37,75.36
0000000000f9_003a 1400951284.72 13 128.42
0000000000f9_0050 1400951487.11 15,14 60.37,75.36
0000000000f9_004f 1400950888.87
0000000000f9_004f 1400950938.93
0000000000f9_004f 1400950988.98
0000000000f9_0050 1400951537.15 15,14 56.69,34.06
0000000000f9_004f 1400951039.03
0000000000f9_004f 1400951089.08
0000000000f9_004f 1400951139.14
0000000000f9_0050 1400951587.2 15,14 56.69,34.06
0000000000f9_004f 1400951189.19
0000000000f9_003a 1400951334.79 13 128.42
0000000000f9_004f 1400951239.23 13 31.80
0000000000f9_004f 1400951289.28 13 31.80
0000000000f9_004f 1400951339.33 13 31.80
0000000000f9_004f 1400951389.35 13,5 31.80,86.15
0000000000f9_004f 1400951439.4 13,5 31.80,86.15
0000000000f9_003a 1400951384.85 13 128.42
0000000000f9_004f 1400951489.45 13,5 31.80,86.15
0000000000f9_004f 1400951539.48 13,5 32.09,87.47
0000000000f9_004f 1400951589.53 13,5 32.09,87.47
0000000000f9_003a 1400951434.92 13 128.42
0000000000f9_003a 1400951484.99 13 128.42
0000000000f9_003a 1400951535.06 13,2 109.95,17.38
0000000000f9_003a 1400951585.12 13,2 109.95,17.38
