0000000000f9_00a9 1400946698.41
0000000000f9_00ab 1400946698.62
0000000000f9_00a9 1400946748.46
0000000000f9_00ab 1400946748.67
0000000000f9_00a9 1400946798.51
0000000000f9_00ab 1400946798.7
0000000000f9_00a9 1400946848.53
0000000000f9_00ab 1400946848.75
0000000000f9_00a9 1400946898.56 1 2.14
0000000000f9_00ab 1400946898.8
0000000000f9_0007 1400946697.84
0000000000f9_00ab 1400946948.85 1,5 2.18,80.97
0000000000f9_00a7 1400946698.54
0000000000f9_0007 1400946747.87
0000000000f9_00ab 1400946998.9 1,5 2.18,80.97
0000000000f9_0096 1400946698.15
0000000000f9_00a7 1400946748.59
0000000000f9_0007 1400946797.93
0000000000f9_00a5 1400946698.6
0000000000f9_00ab 1400947048.95 5,1 82.19,3.20
0000000000f9_00a7 1400946798.61
0000000000f9_00a5 1400946748.65
0000000000f9_0096 1400946748.21
0000000000f9_0007 1400946847.93
0000000000f9_00a6 1400946698.67
0000000000f9_00a7 1400946848.65
0000000000f9_00ab 1400947099.0 5,1 82.19,3.20
0000000000f9_00a5 1400946798.69
0000000000f9_00a7 1400946898.7 1 2.43
0000000000f9_00a6 1400946748.72
0000000000f9_00a5 1400946848.74
0000000000f9_0096 1400946798.26
0000000000f9_00ab 1400947149.05 5,1 82.19,3.20
0000000000f9_00a6 1400946798.77
0000000000f9_00a7 1400946948.76 1,1 2.43,4.79
0000000000f9_00a5 1400946898.79
0000000000f9_00a8 1400946698.54
0000000000f9_00a6 1400946848.8
0000000000f9_00a7 1400946998.8 1,1 2.43,4.79
0000000000f9_00ab 1400947199.1 5,1 82.19,3.20
0000000000f9_00a8 1400946748.59
0000000000f9_0096 1400946848.27
0000000000f9_00a9 1400946948.61 1,5 2.14,80.79
0000000000f9_00a8 1400946798.64
0000000000f9_00ab 1400947249.14 5,1 82.19,3.20
0000000000f9_0096 1400946898.28
0000000000f9_00a7 1400947048.85 1,1 5.26,3.22
0000000000f9_00a6 1400946898.82
0000000000f9_00a8 1400946848.68
0000000000f9_008c 1400946698.2
0000000000f9_00a4 1400946698.57
0000000000f9_00a9 1400946998.65 1,5 2.14,80.79
0000000000f9_00ab 1400947299.16 5,1 82.19,3.20
0000000000f9_00a5 1400946948.83 1,1 2.36,3.22
0000000000f9_0007 1400946897.98 3 21.65
0000000000f9_00a7 1400947098.89 1,1 5.26,3.22
0000000000f9_00a3 1400946698.51
0000000000f9_00a6 1400946948.87 1,3 2.04,34.28
0000000000f9_00ab 1400947349.2 5,1 81.97,2.96
0000000000f9_00a9 1400947048.7 5,1 82.29,3.19
0000000000f9_00a5 1400946998.88 1,1 2.36,3.22
0000000000f9_00a4 1400946748.62
0000000000f9_0096 1400946948.33 2,4 24.08,11.80
0000000000f9_00a3 1400946748.56
0000000000f9_008c 1400946748.26
0000000000f9_00a7 1400947148.94 1,1 5.26,3.22
0000000000f9_00a8 1400946898.72 1 3.40
0000000000f9_003f 1400946698.56
0000000000f9_00aa 1400946698.58
0000000000f9_0007 1400946948.03 3,4 21.65,6.02
0000000000f9_00ab 1400947399.25 5,1 81.97,2.96
0000000000f9_00a5 1400947048.89 1,1 8.56,3.39
0000000000f9_00a6 1400946998.89 1,3 2.04,34.28
0000000000f9_00a3 1400946798.6
0000000000f9_00a7 1400947198.98 1,1 5.26,3.22
0000000000f9_00a8 1400946948.77 1,13 3.40,85.02
0000000000f9_00a9 1400947098.75 5,1 82.29,3.19
0000000000f9_00a4 1400946798.66
0000000000f9_003f 1400946748.61
0000000000f9_008c 1400946798.31
0000000000f9_00a5 1400947098.92 1,1 8.56,3.39
0000000000f9_0052 1400946698.61
0000000000f9_0096 1400946998.38 2,4 24.08,11.80
0000000000f9_00a6 1400947048.93 1,3 3.70,10.32
0000000000f9_0007 1400946998.08 3,4 21.65,6.02
0000000000f9_00aa 1400946748.62
0000000000f9_00a3 1400946848.64
0000000000f9_00a8 1400946998.81 1,13 3.40,85.02
0000000000f9_003f 1400946798.65
0000000000f9_00aa 1400946798.67
0000000000f9_00a5 1400947148.95 1,1 8.56,3.39
0000000000f9_00a6 1400947098.98 1,3 3.70,10.32
0000000000f9_00a3 1400946898.67
0000000000f9_0052 1400946748.67
0000000000f9_00a7 1400947299.06 1,1 5.26,3.22
0000000000f9_00a9 1400947148.81 5,1 82.29,3.19
0000000000f9_00a4 1400946848.71
0000000000f9_0065 1400946698.87
0000000000f9_00a8 1400947048.86 1,13 3.78,85.20
0000000000f9_0007 1400947048.13 3,4 32.63,6.53
0000000000f9_003f 1400946848.65
0000000000f9_008c 1400946848.36
0000000000f9_00a6 1400947149.03 1,3 3.70,10.32
0000000000f9_0096 1400947048.43 2,4 31.07,9.65
0000000000f9_00a3 1400946948.72 1,1 3.21,3.39
0000000000f9_00a5 1400947198.99 1,1 8.56,3.39
0000000000f9_00a7 1400947349.11 1,1 6.01,4.48
0000000000f9_00aa 1400946848.68
0000000000f9_0052 1400946798.72
0000000000f9_00a9 1400947198.83 5,1 82.29,3.19
0000000000f9_00a8 1400947098.91 1,13 3.78,85.20
0000000000f9_00a4 1400946898.75
0000000000f9_003f 1400946898.7
0000000000f9_00a6 1400947199.08 1,3 3.70,10.32
0000000000f9_0007 1400947098.17 3,4 32.63,6.53
0000000000f9_00a3 1400946998.77 1,1 3.21,3.39
0000000000f9_00a5 1400947249.04 1,1 8.56,3.39
0000000000f9_0057 1400946698.92
0000000000f9_00a7 1400947399.15 1,1 6.01,4.48
0000000000f9_0065 1400946748.93
0000000000f9_0052 1400946848.77
0000000000f9_0068 1400946698.95
0000000000f9_00a8 1400947148.95 1,13 3.78,85.20
0000000000f9_00a9 1400947248.84 5,1 82.29,3.19
0000000000f9_00a6 1400947249.13 1,3 3.70,10.32
0000000000f9_00a3 1400947048.82 1,1 6.20,3.49
0000000000f9_0096 1400947098.48 2,4 31.07,9.65
0000000000f9_00aa 1400946898.71 1 3.85
0000000000f9_00a4 1400946948.8 5,1 16.12,2.24
0000000000f9_003f 1400946948.74
0000000000f9_00a5 1400947299.09 1,1 8.56,3.39
0000000000f9_0007 1400947148.23 3,4 32.63,6.53
0000000000f9_0065 1400946798.98
0000000000f9_008c 1400946898.38 4 6.44
0000000000f9_0057 1400946748.98
0000000000f9_00a8 1400947199.0 1,13 3.78,85.20
0000000000f9_00a9 1400947298.88 5,1 82.29,3.19
0000000000f9_0068 1400946748.98
0000000000f9_0066 1400946698.87
0000000000f9_00a6 1400947299.18 1,3 3.70,10.32
0000000000f9_00a4 1400946998.85 5,1 16.12,2.24
0000000000f9_0082 1400946698.8
0000000000f9_00a3 1400947098.87 1,1 6.20,3.49
0000000000f9_00a5 1400947349.11 1,1 4.27,2.99
0000000000f9_00a6 1400947349.22 1 3.33
0000000000f9_00a8 1400947249.05 1,13 3.78,85.20
0000000000f9_0065 1400946849.01
0000000000f9_00a4 1400947048.89 5,1 23.21,3.52
0000000000f9_00a9 1400947348.93 5,1 82.29,2.96
0000000000f9_0007 1400947198.27 3,4 32.63,6.53
0000000000f9_0057 1400946798.99
0000000000f9_0096 1400947148.53 2,4 31.07,9.65
0000000000f9_00a3 1400947148.9 1,1 6.20,3.49
0000000000f9_0066 1400946748.93
0000000000f9_00a5 1400947399.14 1,1 4.27,2.99
0000000000f9_0082 1400946748.85
0000000000f9_0068 1400946799.04
0000000000f9_00a6 1400947399.27 1 3.33
0000000000f9_00a4 1400947098.93 5,1 23.21,3.52
0000000000f9_00a8 1400947299.1 1,13 3.78,85.20
0000000000f9_00a9 1400947398.98 5,1 82.29,2.96
0000000000f9_00a3 1400947198.94 1,1 6.20,3.49
0000000000f9_00a4 1400947148.98 5,1 23.21,3.52
0000000000f9_0065 1400946899.06
0000000000f9_00a8 1400947349.11 1,13 3.27,85.07
0000000000f9_0057 1400946849.03
0000000000f9_0066 1400946798.98
0000000000f9_0007 1400947248.33 3,4 32.63,6.53
0000000000f9_0082 1400946798.88
0000000000f9_0068 1400946849.09
0000000000f9_008c 1400946948.39 4,4 6.44,6.82
0000000000f9_00a3 1400947248.98 1,1 6.20,3.49
0000000000f9_00a4 1400947199.03 5,1 23.21,3.52
0000000000f9_003f 1400946998.78
0000000000f9_00a8 1400947399.16 1,13 3.27,85.07
0000000000f9_0096 1400947198.58 2,4 31.07,9.65
0000000000f9_00a3 1400947299.02 1,1 6.20,3.49
0000000000f9_00a4 1400947249.07 5,1 23.21,3.52
0000000000f9_0052 1400946898.82 4 7.58
0000000000f9_0065 1400946949.11
0000000000f9_0066 1400946849.03
0000000000f9_0082 1400946848.93
0000000000f9_0007 1400947298.33 3,4 32.63,6.53
0000000000f9_0076 1400946698.77
0000000000f9_00a4 1400947299.12 5,1 23.21,3.52
0000000000f9_00a3 1400947349.06 1,1 4.37,2.77
0000000000f9_0068 1400946899.14 1 5.00
0000000000f9_0057 1400946899.09 5 81.45
0000000000f9_007f 1400954003.59
0000000000f9_0082 1400946898.98
0000000000f9_00a4 1400947349.15 1 3.24
0000000000f9_0066 1400946899.08
0000000000f9_0065 1400946999.15
0000000000f9_0007 1400947348.33 4 7.07
0000000000f9_00a3 1400947399.1 1,1 4.37,2.77
0000000000f9_0096 1400947248.64 2,4 31.07,9.65
0000000000f9_0076 1400946748.82
0000000000f9_00a4 1400947399.17 1 3.24
0000000000f9_0034 1400946698.82
0000000000f9_008c 1400946998.44 4,4 6.44,6.82
0000000000f9_007f 1400954053.64
0000000000f9_0058 1400946698.79
0000000000f9_0052 1400946948.87 4,4 7.58,6.80
0000000000f9_0052 1400946998.93 4,4 7.58,6.80
0000000000f9_003f 1400947048.83 4,10 22.02,105.54
0000000000f9_0052 1400947048.98 4,4 18.76,10.65
0000000000f9_003f 1400947098.85 4,10 22.02,105.54
0000000000f9_003f 1400947148.9 4,10 22.02,105.54
0000000000f9_0007 1400947398.37 4 7.07
0000000000f9_0076 1400946798.87
0000000000f9_0057 1400946949.14 5,1 81.45,4.44
0000000000f9_003f 1400947198.95 4,10 22.02,105.54
0000000000f9_00aa 1400946948.71 1,3 3.85,8.28
0000000000f9_0034 1400946748.88
0000000000f9_007f 1400954103.68
0000000000f9_0082 1400946949.03 2,2 3.52,5.53
0000000000f9_0066 1400946949.12 1,1 2.67,3.52
0000000000f9_0096 1400947298.69 2,4 31.07,9.65
0000000000f9_00c6 1400946699.52
0000000000f9_0058 1400946748.84
0000000000f9_00aa 1400946998.76 1,3 3.85,8.28
0000000000f9_0065 1400947049.2 1,3 17.46,29.98
0000000000f9_0055 1400946698.84
0000000000f9_0076 1400946848.92
0000000000f9_0052 1400947099.03 4,4 18.76,10.65
0000000000f9_00aa 1400947048.8 1,3 3.61,10.45
0000000000f9_00c6 1400946749.57
0000000000f9_0034 1400946798.93
0000000000f9_003f 1400947249.0 4,10 22.02,105.54
0000000000f9_00aa 1400947098.84 1,3 3.61,10.45
0000000000f9_0058 1400946798.88
0000000000f9_0096 1400947348.73 4 9.88
0000000000f9_007f 1400954153.73
0000000000f9_0082 1400946999.05 2,2 3.52,5.53
0000000000f9_0076 1400946898.97
0000000000f9_0057 1400946999.19 5,1 81.45,4.44
0000000000f9_008c 1400947048.49 4,4 23.52,11.29
0000000000f9_0066 1400946999.18 1,1 2.67,3.52
0000000000f9_00aa 1400947148.88 1,3 3.61,10.45
0000000000f9_0055 1400946748.89
0000000000f9_007f 1400954203.77
0000000000f9_00c6 1400946799.62
0000000000f9_0065 1400947099.25 1,3 17.46,29.98
0000000000f9_0034 1400946848.98
0000000000f9_0052 1400947149.07 4,4 18.76,10.65
0000000000f9_00aa 1400947198.9 1,3 3.61,10.45
0000000000f9_0058 1400946848.93
0000000000f9_003f 1400947299.05 4,10 22.02,105.54
0000000000f9_0076 1400946948.98
0000000000f9_0096 1400947398.78 4 9.88
0000000000f9_007f 1400954253.82
0000000000f9_00aa 1400947248.95 1,3 3.61,10.45
0000000000f9_0034 1400946899.02
0000000000f9_0082 1400947049.11 2,2 15.11,5.26
0000000000f9_0055 1400946798.93
0000000000f9_00c6 1400946849.67
0000000000f9_00aa 1400947299.0 1,3 3.61,10.45
0000000000f9_0068 1400946949.19 1,5 5.00,83.83
0000000000f9_0066 1400947049.23 1,1 15.30,6.91
0000000000f9_0058 1400946898.98
0000000000f9_0057 1400947049.24 5,1 83.67,4.47
0000000000f9_0076 1400946999.03
0000000000f9_0065 1400947149.26 1,3 17.46,29.98
0000000000f9_0052 1400947199.13 4,4 18.76,10.65
0000000000f9_007f 1400954303.87
0000000000f9_00aa 1400947349.05 1 3.42
0000000000f9_003f 1400947349.11 4,10 20.26,107.25
0000000000f9_00aa 1400947399.1 1 3.42
0000000000f9_0034 1400946949.06
0000000000f9_008c 1400947098.54 4,4 23.52,11.29
0000000000f9_00c6 1400946899.71 10 26.83
0000000000f9_0055 1400946848.98
0000000000f9_007f 1400954353.9
0000000000f9_0082 1400947099.12 2,2 15.11,5.26
0000000000f9_0068 1400946999.22 1,5 5.00,83.83
0000000000f9_0066 1400947099.26 1,1 15.30,6.91
0000000000f9_001c 1400946698.79
0000000000f9_0076 1400947049.06 1,5 8.53,88.43
0000000000f9_003a 1400946699.73
0000000000f9_0034 1400946999.11
0000000000f9_0052 1400947249.18 4,4 18.76,10.65
0000000000f9_0058 1400946949.02 3,13 14.15,86.13
0000000000f9_0065 1400947199.28 1,3 17.46,29.98
0000000000f9_003f 1400947399.16 4,10 20.26,107.25
0000000000f9_0057 1400947099.29 5,1 83.67,4.47
0000000000f9_00c6 1400946949.76 10 26.83
0000000000f9_007f 1400954403.95
0000000000f9_001c 1400946748.84
0000000000f9_0055 1400946899.0 1 3.73
0000000000f9_0082 1400947149.17 2,2 15.11,5.26
0000000000f9_007f 1400954454.0
0000000000f9_0034 1400947049.17 1 14.79
0000000000f9_0066 1400947149.31 1,1 15.30,6.91
0000000000f9_008c 1400947148.59 4,4 23.52,11.29
0000000000f9_0068 1400947049.25 5,1 82.90,4.91
0000000000f9_0076 1400947099.11 1,5 8.53,88.43
0000000000f9_0052 1400947299.21 4,4 18.76,10.65
0000000000f9_00c6 1400946999.78 10 26.83
0000000000f9_0058 1400946999.03 3,13 14.15,86.13
0000000000f9_0065 1400947249.3 1,3 17.46,29.98
0000000000f9_0057 1400947149.32 5,1 83.67,4.47
0000000000f9_007f 1400954504.06
0000000000f9_001c 1400946798.89
0000000000f9_00c6 1400947049.83 10 25.39
0000000000f9_0082 1400947199.22 2,2 15.11,5.26
0000000000f9_003a 1400946749.79
0000000000f9_0034 1400947099.22 1 14.79
0000000000f9_0052 1400947349.25 4,4 18.30,8.52
0000000000f9_007f 1400954554.1
0000000000f9_0076 1400947149.16 1,5 8.53,88.43
0000000000f9_0066 1400947199.36 1,1 15.30,6.91
0000000000f9_0068 1400947099.29 5,1 82.90,4.91
0000000000f9_0055 1400946949.05 1,5 3.73,84.85
0000000000f9_001c 1400946848.9
0000000000f9_0058 1400947049.09 3,13 12.61,87.01
0000000000f9_0065 1400947299.35 1,3 17.46,29.98
0000000000f9_0057 1400947199.37 5,1 83.67,4.47
0000000000f9_008c 1400947198.64 4,4 23.52,11.29
0000000000f9_007f 1400954604.16
0000000000f9_0034 1400947149.27 1 14.79
0000000000f9_0082 1400947249.27 2,2 15.11,5.26
0000000000f9_0052 1400947399.31 4,4 18.30,8.52
0000000000f9_0076 1400947199.21 1,5 8.53,88.43
0000000000f9_0066 1400947249.42 1,1 15.30,6.91
0000000000f9_0083 1400946700.1
0000000000f9_007f 1400954654.17
0000000000f9_0068 1400947149.33 5,1 82.90,4.91
0000000000f9_001c 1400946898.95
0000000000f9_0065 1400947349.4 1,3 6.03,70.03
0000000000f9_0058 1400947099.14 3,13 12.61,87.01
0000000000f9_0055 1400946999.11 1,5 3.73,84.85
0000000000f9_0034 1400947199.32 1 3.16
0000000000f9_00c6 1400947099.88 10 25.39
0000000000f9_003a 1400946799.86
0000000000f9_0057 1400947249.41 5,1 83.67,4.47
0000000000f9_0082 1400947299.33 2,2 15.11,5.26
0000000000f9_0083 1400946750.15
0000000000f9_007f 1400954704.22
0000000000f9_0076 1400947249.26 1,5 8.53,88.43
0000000000f9_00c6 1400947149.89 10 25.39
0000000000f9_0066 1400947299.46 1,1 15.30,6.91
0000000000f9_0068 1400947199.36 5,1 82.90,4.91
0000000000f9_001c 1400946949.0
0000000000f9_008c 1400947248.69 4,4 23.52,11.29
0000000000f9_0083 1400946800.2
0000000000f9_0058 1400947149.19 3,13 12.61,87.01
0000000000f9_0065 1400947399.45 1,3 6.03,70.03
0000000000f9_00c6 1400947199.91 10 25.39
0000000000f9_0034 1400947249.37 1,13 3.16,86.81
0000000000f9_0082 1400947349.38 2,2 15.31,5.37
0000000000f9_0057 1400947299.46 5,1 83.67,4.47
0000000000f9_001c 1400946999.05
0000000000f9_0055 1400947049.16 1,5 5.92,88.73
0000000000f9_0076 1400947299.31 1,5 8.53,88.43
0000000000f9_00ca 1400946700.71
0000000000f9_0066 1400947349.51 1,1 20.74,9.09
0000000000f9_0068 1400947249.41 5,1 82.90,4.91
0000000000f9_00ca 1400946750.76
0000000000f9_00ca 1400946800.81
0000000000f9_003a 1400946849.93
0000000000f9_0083 1400946850.22
0000000000f9_00ca 1400946850.86
0000000000f9_0058 1400947199.21 3,13 12.61,87.01
0000000000f9_008c 1400947298.74 4,4 23.52,11.29
0000000000f9_0082 1400947399.43 2,2 15.31,5.37
0000000000f9_00ca 1400946900.91
0000000000f9_00c6 1400947249.96 10 25.39
0000000000f9_0034 1400947299.42 1,13 3.16,86.81
0000000000f9_0057 1400947349.52 5,1 85.38,4.52
0000000000f9_0076 1400947349.36 1,5 5.59,85.98
0000000000f9_00ca 1400946950.91
0000000000f9_00c6 1400947300.01 10 25.39
0000000000f9_0066 1400947399.57 1,1 20.74,9.09
0000000000f9_0068 1400947299.46 5,1 82.90,4.91
0000000000f9_0055 1400947099.21 1,5 5.92,88.73
0000000000f9_0083 1400946900.27
0000000000f9_00ca 1400947000.96
0000000000f9_00ca 1400947051.0
0000000000f9_001c 1400947049.1 7,7 29.25,31.27
0000000000f9_00ca 1400947101.05
0000000000f9_0058 1400947249.24 3,13 12.61,87.01
0000000000f9_00ca 1400947151.1
0000000000f9_00c6 1400947350.06 10,8 41.52,35.13
0000000000f9_0034 1400947349.47 1,13 5.68,88.25
0000000000f9_0076 1400947399.39 1,5 5.59,85.98
0000000000f9_00ca 1400947201.11
0000000000f9_0083 1400946950.31
0000000000f9_0057 1400947399.56 5,1 85.38,4.52
0000000000f9_00ca 1400947251.16
0000000000f9_0068 1400947349.51 5,1 83.88,4.21
0000000000f9_008c 1400947348.79 4,4 13.73,21.51
0000000000f9_00ca 1400947301.21
0000000000f9_00ca 1400947351.26
0000000000f9_0055 1400947149.25 1,5 5.92,88.73
0000000000f9_0083 1400947000.36
0000000000f9_00c6 1400947400.11 10,8 41.52,35.13
0000000000f9_00ca 1400947401.31
0000000000f9_0058 1400947299.28 3,13 12.61,87.01
0000000000f9_001c 1400947099.15 7,7 29.25,31.27
0000000000f9_0034 1400947399.52 1,13 5.68,88.25
0000000000f9_003a 1400946899.99 3 14.83
0000000000f9_0083 1400947050.41
0000000000f9_0068 1400947399.56 5,1 83.88,4.21
0000000000f9_0058 1400947349.33 13 87.00
0000000000f9_0083 1400947100.46
0000000000f9_008c 1400947398.84 4,4 13.73,21.51
0000000000f9_0055 1400947199.3 1,5 5.92,88.73
0000000000f9_001c 1400947149.21 7,7 29.25,31.27
0000000000f9_0083 1400947150.51
0000000000f9_0058 1400947399.38 13 87.00
0000000000f9_0083 1400947200.56
0000000000f9_0055 1400947249.35 1,5 5.92,88.73
0000000000f9_0083 1400947250.61
0000000000f9_001c 1400947199.24 7,7 29.25,31.27
0000000000f9_003a 1400946950.06 3,2 14.83,18.21
0000000000f9_0055 1400947299.4 1,5 5.92,88.73
0000000000f9_0083 1400947300.66
0000000000f9_0083 1400947350.72
0000000000f9_0055 1400947349.45 1,5 5.45,87.22
0000000000f9_001c 1400947249.29 7,7 29.25,31.27
0000000000f9_00b5 1400946701.36
0000000000f9_0083 1400947400.77
0000000000f9_00b5 1400946751.4
0000000000f9_0055 1400947399.49 1,5 5.45,87.22
0000000000f9_0049 1400946701.75
0000000000f9_00b5 1400946801.45
0000000000f9_0091 1400946701.76
0000000000f9_0090 1400946701.77
0000000000f9_003a 1400947000.13 3,2 14.83,18.21
0000000000f9_001c 1400947299.34 7,7 29.25,31.27
0000000000f9_0049 1400946751.78
0000000000f9_00b5 1400946851.5
0000000000f9_00bf 1400946701.98
0000000000f9_00bc 1400946701.51
0000000000f9_0091 1400946751.78
0000000000f9_0092 1400946701.75
0000000000f9_0090 1400946751.8
0000000000f9_00bf 1400946752.0
0000000000f9_00bf 1400946802.0
0000000000f9_0049 1400946801.82
0000000000f9_00bf 1400946852.05
0000000000f9_00b5 1400946901.55
0000000000f9_00bf 1400946902.09
0000000000f9_0091 1400946801.83
0000000000f9_0092 1400946751.81
0000000000f9_0090 1400946801.85
0000000000f9_00bf 1400946952.14
0000000000f9_001c 1400947349.39 7,7 11.53,19.39
0000000000f9_0049 1400946851.87
0000000000f9_00bc 1400946751.54
0000000000f9_00b5 1400946951.61
0000000000f9_0092 1400946801.83
0000000000f9_0090 1400946851.9
0000000000f9_0091 1400946851.88
0000000000f9_0049 1400946901.92
0000000000f9_00b5 1400947001.66
0000000000f9_0090 1400946901.95
0000000000f9_0092 1400946851.88
0000000000f9_00bc 1400946801.59
0000000000f9_0049 1400946951.94
0000000000f9_00bf 1400947002.15
0000000000f9_00bf 1400947052.21 13,13 11.59,86.82
0000000000f9_00bf 1400947102.26 13,13 11.59,86.82
0000000000f9_00bf 1400947152.3 13,13 11.59,86.82
0000000000f9_00bf 1400947202.35 13,13 11.59,86.82
0000000000f9_00b5 1400947051.71
0000000000f9_00bf 1400947252.39 13,13 11.59,86.82
0000000000f9_001c 1400947399.44 7,7 11.53,19.39
0000000000f9_003a 1400947050.2 3,2 74.78,8.94
0000000000f9_00bf 1400947302.4 13,13 11.59,86.82
0000000000f9_0092 1400946901.93 6 4.33
0000000000f9_0091 1400946901.93 10,10 84.33,85.32
0000000000f9_0049 1400947001.99
0000000000f9_00b5 1400947101.76
0000000000f9_0090 1400946952.0 10,6 87.53,5.14
0000000000f9_00bf 1400947352.42 13,13 10.27,86.52
0000000000f9_00bf 1400947402.47 13,13 10.27,86.52
0000000000f9_00bc 1400946851.6
0000000000f9_00b5 1400947151.81
0000000000f9_0049 1400947052.03 12 11.45
0000000000f9_0090 1400947002.04 10,6 87.53,5.14
0000000000f9_00b5 1400947201.86
0000000000f9_0091 1400946951.98 10,10 84.33,85.32
0000000000f9_0049 1400947102.09 12 11.45
0000000000f9_0051 1400946702.37
0000000000f9_00b5 1400947251.91
0000000000f9_00bc 1400946901.65 4 81.19
0000000000f9_0090 1400947052.09 10,6 91.80,5.21
0000000000f9_0091 1400947002.03 10,10 84.33,85.32
0000000000f9_0049 1400947152.12 12 11.45
0000000000f9_00b5 1400947301.96
0000000000f9_0051 1400946752.44
0000000000f9_003a 1400947100.26 3,2 74.78,8.94
0000000000f9_0090 1400947102.13 10,6 91.80,5.21
0000000000f9_00b5 1400947352.02
0000000000f9_0049 1400947202.18 12 11.45
0000000000f9_0091 1400947052.08 10,10 87.90,14.09
0000000000f9_00b5 1400947402.06
0000000000f9_00bc 1400946951.7 4,12 81.19,6.88
0000000000f9_0051 1400946802.49
0000000000f9_0049 1400947252.23 12 11.45
0000000000f9_0090 1400947152.19 10,6 91.80,5.21
0000000000f9_0091 1400947102.1 10,10 87.90,14.09
0000000000f9_0049 1400947302.28 12 11.45
0000000000f9_0051 1400946852.54
0000000000f9_0090 1400947202.2 10,6 91.80,5.21
0000000000f9_0091 1400947152.15 10,10 87.90,14.09
0000000000f9_00bc 1400947001.74 4,12 81.19,6.88
0000000000f9_0049 1400947352.33 12 11.15
0000000000f9_003a 1400947150.33 3,2 74.78,8.94
0000000000f9_0090 1400947252.23 10,6 91.80,5.21
0000000000f9_0051 1400946902.59
0000000000f9_0091 1400947202.2 10,10 87.90,14.09
0000000000f9_0049 1400947402.38 12 11.15
0000000000f9_0090 1400947302.29 10,6 91.80,5.21
0000000000f9_0091 1400947252.23 10,10 87.90,14.09
0000000000f9_00bc 1400947051.79 4,12 83.00,7.63
0000000000f9_0051 1400946952.64 8 89.14
0000000000f9_0090 1400947352.33 6 5.11
0000000000f9_0091 1400947302.28 10,10 87.90,14.09
0000000000f9_0090 1400947402.39 6 5.11
0000000000f9_003a 1400947200.4 3,2 74.78,8.94
0000000000f9_0047 1400946703.2
0000000000f9_00bc 1400947101.84 4,12 83.00,7.63
0000000000f9_0091 1400947352.33 10 11.69
0000000000f9_0047 1400946753.24
0000000000f9_0051 1400947002.68 8,16 89.14,17.31
0000000000f9_0091 1400947402.34 10 11.69
0000000000f9_0047 1400946803.29
0000000000f9_0047 1400946853.34
0000000000f9_00bc 1400947151.88 4,12 83.00,7.63
0000000000f9_0047 1400946903.39 14 93.52
0000000000f9_0051 1400947052.74 8,16 95.70,16.92
0000000000f9_003a 1400947250.47 3,2 74.78,8.94
0000000000f9_00bc 1400947201.93 4,12 83.00,7.63
0000000000f9_0047 1400946953.42 14,6 93.52,4.34
0000000000f9_0047 1400947003.47 14,6 93.52,4.34
0000000000f9_0051 1400947102.79 8,16 95.70,16.92
0000000000f9_0047 1400947053.51 14,6 98.07,4.89
0000000000f9_00bc 1400947251.97 4,12 83.00,7.63
0000000000f9_003a 1400947300.53 3,2 74.78,8.94
0000000000f9_0047 1400947103.55 14,6 98.07,4.89
0000000000f9_0051 1400947152.84 8,16 95.70,16.92
0000000000f9_00bc 1400947302.02 4,12 83.00,7.63
0000000000f9_0047 1400947153.57 14,6 98.07,4.89
0000000000f9_003a 1400947350.6 2 9.42
0000000000f9_0051 1400947202.9 8,16 95.70,16.92
0000000000f9_0047 1400947203.59 14,6 98.07,4.89
0000000000f9_00bc 1400947352.06 4,12 83.13,8.28
0000000000f9_0047 1400947253.65 14,6 98.07,4.89
0000000000f9_0051 1400947252.95 8,16 95.70,16.92
0000000000f9_0047 1400947303.7 14,6 98.07,4.89
0000000000f9_003a 1400947400.67 2 9.42
0000000000f9_00bc 1400947402.11 4,12 83.13,8.28
0000000000f9_0047 1400947353.74 6 6.12
0000000000f9_0047 1400947403.79 6 6.12
0000000000f9_0051 1400947303.0 8,16 95.70,16.92
0000000000f9_004f 1400946705.08
0000000000f9_004f 1400946755.13
0000000000f9_0051 1400947353.06 8,16 93.35,15.38
0000000000f9_004f 1400946805.18
0000000000f9_004f 1400946855.21
0000000000f9_004f 1400946905.26
0000000000f9_0051 1400947403.11 8,16 93.35,15.38
0000000000f9_004f 1400946955.31
0000000000f9_004f 1400947005.36
0000000000f9_004f 1400947055.42 13 12.63
0000000000f9_004f 1400947105.47 13 12.63
0000000000f9_004f 1400947155.51 13 12.63
0000000000f9_004f 1400947205.56 13,5 12.63,85.74
0000000000f9_004f 1400947255.57 13,5 12.63,85.74
0000000000f9_004f 1400947305.62 13,5 12.63,85.74
0000000000f9_004f 1400947355.63 5,8 88.55,107.69
0000000000f9_004f 1400947405.68 5,8 88.55,107.69
0000000000f9_0092 1400946951.98 6,30 4.33,97.30
0000000000f9_0092 1400947002.03 6,30 4.33,97.30
0000000000f9_0092 1400947052.08 6,30 5.88,106.40
0000000000f9_0092 1400947102.13 6,30 5.88,106.40
0000000000f9_0092 1400947152.18 6,30 5.88,106.40
0000000000f9_0092 1400947202.23 6,30 5.88,106.40
0000000000f9_0092 1400947252.27 6,30 5.88,106.40
0000000000f9_0092 1400947302.31 6,30 5.88,106.40
0000000000f9_0092 1400947352.33 6 6.30
0000000000f9_0092 1400947402.38 6 6.30
0000000000f9_004d 1400946702.38
0000000000f9_004d 1400946752.43
0000000000f9_004d 1400946802.48
0000000000f9_004d 1400946852.48
0000000000f9_004d 1400946902.53
0000000000f9_004d 1400946952.58
0000000000f9_004d 1400947002.63 13 90.25
0000000000f9_004d 1400947052.68 13,2 89.34,6.74
0000000000f9_004d 1400947102.73 13,2 89.34,6.74
0000000000f9_0048 1400946702.92
0000000000f9_004d 1400947152.78 13,2 89.34,6.74
0000000000f9_0048 1400946752.94
0000000000f9_0048 1400946802.99
0000000000f9_004d 1400947202.79 13,2 89.34,6.74
0000000000f9_0048 1400946853.04
0000000000f9_004d 1400947252.83 13,2 89.34,6.74
0000000000f9_004d 1400947302.88 13,2 89.34,6.74
0000000000f9_004d 1400947352.88 13,2 89.78,3.49
0000000000f9_004d 1400947402.92 13,2 89.78,3.49
0000000000f9_0048 1400946903.09 18,17 101.42,24.89
0000000000f9_0048 1400946953.14 18,17 101.42,24.89
0000000000f9_0048 1400947003.19 18,17 101.42,24.89
0000000000f9_0048 1400947053.22 18,17 36.04,21.05
0000000000f9_0048 1400947103.24 18,17 36.04,21.05
0000000000f9_0048 1400947153.29 18,17 36.04,21.05
0000000000f9_0048 1400947203.35 18,17 36.04,21.05
0000000000f9_0048 1400947253.4 18,17 36.04,21.05
0000000000f9_0048 1400947303.45 18,17 36.04,21.05
0000000000f9_0048 1400947353.5 18,17 38.93,29.41
0000000000f9_0048 1400947403.55 18,17 38.93,29.41
