0000000000f9_00ab 1400950020.22
0000000000f9_00ab 1400950070.28
0000000000f9_0007 1400950020.25
0000000000f9_00ab 1400950120.33
0000000000f9_00ab 1400950170.34
0000000000f9_00a7 1400950320.65
0000000000f9_0007 1400950070.26 4 6.39
0000000000f9_00ab 1400950220.39
0000000000f9_00a6 1400949720.14
0000000000f9_0065 1400950020.73
0000000000f9_0007 1400950120.31 4 6.39
0000000000f9_00ab 1400950270.44 1 2.18
0000000000f9_0068 1400950020.58
0000000000f9_00a7 1400950370.69 1,13 4.69,105.82
0000000000f9_00a6 1400949770.19
0000000000f9_00a9 1400949720.17
0000000000f9_0082 1400950020.43
0000000000f9_00a8 1400950020.18
0000000000f9_0007 1400950170.35 4 6.39
0000000000f9_0065 1400950070.76 1 8.15
0000000000f9_00a9 1400949770.2
0000000000f9_00ab 1400950320.49 1 2.18
0000000000f9_0068 1400950070.63
0000000000f9_00aa 1400950320.29
0000000000f9_00a3 1400949720.15
0000000000f9_008c 1400949720.62
0000000000f9_00a8 1400950070.22 1 3.19
0000000000f9_00a9 1400949820.25
0000000000f9_0082 1400950070.49
0000000000f9_0096 1400950321.24
0000000000f9_00a6 1400949820.24
0000000000f9_00a3 1400949770.2
0000000000f9_00ab 1400950370.54 1 4.28
0000000000f9_00a7 1400950420.75 1,13 4.69,105.82
0000000000f9_00a9 1400949870.3
0000000000f9_0007 1400950220.4 4,15 6.39,118.70
0000000000f9_00a8 1400950120.27 1 3.19
0000000000f9_0068 1400950120.66
0000000000f9_00a5 1400950020.27
0000000000f9_0065 1400950120.81 1 8.15
0000000000f9_008c 1400949770.67
0000000000f9_00a6 1400949870.24
0000000000f9_0082 1400950120.54
0000000000f9_00a9 1400949920.33
0000000000f9_00ab 1400950420.59 1 4.28
0000000000f9_00aa 1400950370.34 1 5.45
0000000000f9_00a3 1400949820.25
0000000000f9_0076 1400950320.51
0000000000f9_0096 1400950371.26 4 153.52
0000000000f9_00a8 1400950170.31 1 3.19
0000000000f9_00a5 1400950070.32
0000000000f9_00ab 1400950470.64 1 4.28
0000000000f9_0068 1400950170.71
0000000000f9_0007 1400950270.45 4,15 6.39,118.70
0000000000f9_00a9 1400949970.33 1 4.18
0000000000f9_008c 1400949820.73
0000000000f9_00a7 1400950470.77 1,13 4.69,105.82
0000000000f9_0058 1400949720.35
0000000000f9_0082 1400950170.59
0000000000f9_0065 1400950170.86 1 8.15
0000000000f9_00a4 1400950320.25
0000000000f9_00a5 1400950120.37
0000000000f9_00a3 1400949870.3
0000000000f9_00a6 1400949920.29 5 10.91
0000000000f9_00aa 1400950420.34 1 5.45
0000000000f9_00a8 1400950220.36 1,13 3.19,97.89
0000000000f9_00ab 1400950520.65 1,1 4.28,4.13
0000000000f9_00a9 1400950020.35 1 4.18
0000000000f9_0057 1400950020.41
0000000000f9_00a5 1400950170.39
0000000000f9_0034 1400949720.35
0000000000f9_00a4 1400950370.25 1 4.50
0000000000f9_008c 1400949870.78
0000000000f9_0058 1400949770.37
0000000000f9_0007 1400950320.5 4,15 6.39,118.70
0000000000f9_0055 1400949720.38
0000000000f9_0082 1400950220.62
0000000000f9_0076 1400950370.56 1,13 8.16,109.86
0000000000f9_0068 1400950220.76 1 6.05
0000000000f9_00a9 1400950070.38 1 4.71
0000000000f9_0066 1400949720.4
0000000000f9_00a8 1400950270.39 1,13 3.19,97.89
0000000000f9_00a7 1400950520.81 1,13 4.69,105.82
0000000000f9_00ab 1400950570.68 1,1 4.28,4.13
0000000000f9_00a5 1400950220.44
0000000000f9_00a6 1400949970.32 5 10.91
0000000000f9_0065 1400950220.91 1 8.15
0000000000f9_00aa 1400950470.39 1 5.45
0000000000f9_00a3 1400949920.35
0000000000f9_00a4 1400950420.29 1,5 4.50,15.12
0000000000f9_0057 1400950070.46
0000000000f9_008c 1400949920.83
0000000000f9_00a9 1400950120.43 1 4.71
0000000000f9_0034 1400949770.4
0000000000f9_0055 1400949770.39
0000000000f9_0082 1400950270.67
0000000000f9_00a5 1400950270.49 1 2.90
0000000000f9_0096 1400950421.31 4 153.52
0000000000f9_0058 1400949820.41
0000000000f9_00a8 1400950320.44 1,13 3.19,97.89
0000000000f9_00ab 1400950620.73 1,1 4.28,4.13
0000000000f9_0007 1400950370.55 4,15 7.30,130.30
0000000000f9_0096 1400950471.34 4 153.52
0000000000f9_0052 1400950321.5
0000000000f9_0068 1400950270.81 1 6.05
0000000000f9_00a4 1400950470.34 1,5 4.50,15.12
0000000000f9_00a9 1400950170.45 1 4.71
0000000000f9_00a7 1400950570.82 1,13 4.69,105.82
0000000000f9_0076 1400950420.61 1,13 8.16,109.86
0000000000f9_00a5 1400950320.53 1 2.90
0000000000f9_00a6 1400950020.37 5 10.91
0000000000f9_0055 1400949820.45
0000000000f9_0057 1400950120.49
0000000000f9_00ab 1400950670.78 1,1 5.42,9.62
0000000000f9_0065 1400950270.93 1 8.15
0000000000f9_0066 1400949770.44
0000000000f9_0082 1400950320.72
0000000000f9_0034 1400949820.46
0000000000f9_008c 1400949970.88 4 7.46
0000000000f9_0058 1400949870.46
0000000000f9_00aa 1400950520.43 1,1 5.45,3.43
0000000000f9_00a9 1400950220.5 1 4.71
0000000000f9_00a3 1400949970.4 1 3.30
0000000000f9_0007 1400950420.6 4,15 7.30,130.30
0000000000f9_001c 1400950020.97
0000000000f9_00a5 1400950370.58 1 4.64
0000000000f9_00a4 1400950520.35 1,5 4.50,15.12
0000000000f9_00a8 1400950420.54 1,13 4.44,119.67
0000000000f9_0055 1400949870.49
0000000000f9_0096 1400950521.39 4,4 153.52,14.08
0000000000f9_00a6 1400950070.42 5 20.90
0000000000f9_0052 1400950371.56 15,4 113.30,26.32
0000000000f9_0068 1400950320.87 1 6.05
0000000000f9_0057 1400950170.53
0000000000f9_00a9 1400950270.55 1,3 4.71,14.31
0000000000f9_0034 1400949870.51
0000000000f9_00a5 1400950420.63 1 4.64
0000000000f9_0058 1400949920.51
0000000000f9_00a7 1400950620.83 1,13 4.69,105.82
0000000000f9_0065 1400950320.96 1 8.15
0000000000f9_00a4 1400950570.4 1,5 4.50,15.12
0000000000f9_0082 1400950370.77 2 15.32
0000000000f9_0076 1400950470.62 1,13 8.16,109.86
0000000000f9_008c 1400950020.9 4 7.46
0000000000f9_0007 1400950470.65 4,15 7.30,130.30
0000000000f9_001c 1400950070.99
0000000000f9_0066 1400949820.49
0000000000f9_00a6 1400950120.46 5 20.90
0000000000f9_0055 1400949920.55
0000000000f9_00aa 1400950570.45 1,1 5.45,3.43
0000000000f9_003f 1400949721.06
0000000000f9_00a5 1400950470.65 1 4.64
0000000000f9_00a9 1400950320.6 1,3 4.71,14.31
0000000000f9_00a3 1400950020.45 1 3.30
0000000000f9_00a7 1400950670.87 5,1 85.55,3.82
0000000000f9_00a8 1400950470.58 1,13 4.44,119.67
0000000000f9_00a4 1400950620.44 1,5 4.50,15.12
0000000000f9_0057 1400950220.59
0000000000f9_0034 1400949920.56
0000000000f9_0068 1400950370.92 1 12.36
0000000000f9_001c 1400950121.04
0000000000f9_0096 1400950571.44 4,4 153.52,14.08
0000000000f9_00aa 1400950620.5 1,1 5.45,3.43
0000000000f9_00a5 1400950520.69 1 4.64
0000000000f9_008c 1400950070.95 4 18.86
0000000000f9_0082 1400950420.82 2 15.32
0000000000f9_0058 1400949970.56 5 17.45
0000000000f9_00a9 1400950370.64 3,1 18.56,3.33
0000000000f9_0007 1400950520.69 4,15 7.30,130.30
0000000000f9_00a4 1400950670.48 1 4.09
0000000000f9_00a6 1400950170.48 5 20.90
0000000000f9_0052 1400950421.61 15,4 113.30,26.32
0000000000f9_00a8 1400950520.63 1,13 4.44,119.67
0000000000f9_003f 1400949771.11
0000000000f9_0065 1400950370.99 1,13 15.75,116.63
0000000000f9_0076 1400950520.67 1,13 8.16,109.86
0000000000f9_0055 1400949970.6 1 2.99
0000000000f9_00a3 1400950070.5 1 5.65
0000000000f9_00a5 1400950570.73 1 4.64
0000000000f9_0034 1400949970.58
0000000000f9_00aa 1400950670.53 1,1 6.42,3.47
0000000000f9_001c 1400950171.06
0000000000f9_00a8 1400950570.67 1,13 4.44,119.67
0000000000f9_0066 1400949870.54
0000000000f9_00a9 1400950420.68 3,1 18.56,3.33
0000000000f9_0057 1400950270.62 1 3.34
0000000000f9_0068 1400950420.97 1 12.36
0000000000f9_003f 1400949821.16
0000000000f9_00a8 1400950620.71 1,13 4.44,119.67
0000000000f9_00a5 1400950620.78 1 4.64
0000000000f9_0052 1400950471.65 15,4 113.30,26.32
0000000000f9_0007 1400950570.74 4,15 7.30,130.30
0000000000f9_0082 1400950470.87 2 15.32
0000000000f9_008c 1400950121.0 4 18.86
0000000000f9_00a6 1400950220.53 5,1 20.90,2.21
0000000000f9_0096 1400950621.49 4,4 153.52,14.08
0000000000f9_0058 1400950020.61 5 17.45
0000000000f9_001c 1400950221.12
0000000000f9_003f 1400949871.21
0000000000f9_0055 1400950020.65 1 2.99
0000000000f9_00a9 1400950470.73 3,1 18.56,3.33
0000000000f9_00a3 1400950120.55 1 5.65
0000000000f9_0034 1400950020.63
0000000000f9_00a5 1400950670.83 1 3.89
0000000000f9_0076 1400950570.72 1,13 8.16,109.86
0000000000f9_0065 1400950421.04 1,13 15.75,116.63
0000000000f9_00a9 1400950520.75 3,1 18.56,3.33
0000000000f9_0007 1400950620.75 4,15 7.30,130.30
0000000000f9_0068 1400950471.01 1 12.36
0000000000f9_00a6 1400950270.54 5,1 20.90,2.21
0000000000f9_001c 1400950271.17
0000000000f9_008c 1400950171.01 4 18.86
0000000000f9_0057 1400950320.65 1 3.34
0000000000f9_0082 1400950520.92 2 15.32
0000000000f9_003f 1400949921.24
0000000000f9_0034 1400950070.69
0000000000f9_00a3 1400950170.6 1 5.65
0000000000f9_0052 1400950521.67 15,4 113.30,26.32
0000000000f9_0055 1400950070.69 1 7.39
0000000000f9_0066 1400949920.58 1 2.85
0000000000f9_0058 1400950070.64 5 13.66
0000000000f9_00a9 1400950570.8 3,1 18.56,3.33
0000000000f9_00a6 1400950320.55 5,1 20.90,2.21
0000000000f9_0096 1400950671.54 4,4 10.89,18.97
0000000000f9_001c 1400950321.22
0000000000f9_003f 1400949971.29 4 19.83
0000000000f9_0076 1400950620.77 1,13 8.16,109.86
0000000000f9_0065 1400950471.05 1,13 15.75,116.63
0000000000f9_008c 1400950221.06 4 18.86
0000000000f9_00a6 1400950370.57 1 4.40
0000000000f9_00a3 1400950220.65 1,13 5.65,115.25
0000000000f9_0034 1400950120.74
0000000000f9_00a9 1400950620.83 3,1 18.56,3.33
0000000000f9_0082 1400950570.97 2 15.32
0000000000f9_0057 1400950370.7 1 5.41
0000000000f9_0055 1400950120.73 1 7.39
0000000000f9_0068 1400950521.05 1,1 12.36,2.72
0000000000f9_0058 1400950120.69 5 13.66
0000000000f9_0052 1400950571.72 15,4 113.30,26.32
0000000000f9_00a6 1400950420.61 1 4.40
0000000000f9_003f 1400950021.33 4 19.83
0000000000f9_00a9 1400950670.88 1,5 4.13,82.55
0000000000f9_001c 1400950371.26 7 16.81
0000000000f9_0034 1400950170.79
0000000000f9_00a6 1400950470.66 1 4.40
0000000000f9_0066 1400949970.61 1 2.85
0000000000f9_00a3 1400950270.7 1,13 5.65,115.25
0000000000f9_0076 1400950670.82 1,5 6.02,91.39
0000000000f9_0082 1400950620.99 2 15.32
0000000000f9_0065 1400950521.1 1,13 15.75,116.63
0000000000f9_0055 1400950170.79 1 7.39
0000000000f9_008c 1400950271.11 4,2 18.86,13.75
0000000000f9_00a6 1400950520.71 1 4.40
0000000000f9_0057 1400950420.76 1 5.41
0000000000f9_003f 1400950071.38 4 14.24
0000000000f9_0068 1400950571.1 1,1 12.36,2.72
0000000000f9_0058 1400950170.74 5 13.66
0000000000f9_0052 1400950621.77 15,4 113.30,26.32
0000000000f9_00a8 1400950670.76 5,1 89.20,4.38
0000000000f9_001c 1400950421.32 7 16.81
0000000000f9_00a6 1400950570.75 1 4.40
0000000000f9_0034 1400950220.84 1 5.10
0000000000f9_00a6 1400950620.8 1 4.40
0000000000f9_0082 1400950671.04 2 7.10
0000000000f9_0055 1400950220.84 1,3 7.39,25.33
0000000000f9_00a6 1400950670.85 1 3.98
0000000000f9_00a3 1400950320.75 1,13 5.65,115.25
0000000000f9_008c 1400950321.14 4,2 18.86,13.75
0000000000f9_003f 1400950121.39 4 14.24
0000000000f9_0065 1400950571.14 1,13 15.75,116.63
0000000000f9_0057 1400950470.79 1 5.41
0000000000f9_0066 1400950020.64 1 2.85
0000000000f9_001c 1400950471.32 7 16.81
0000000000f9_0068 1400950621.15 1,1 12.36,2.72
0000000000f9_007f 1400957326.13
0000000000f9_007f 1400957376.17
0000000000f9_0058 1400950220.78 5,1 13.66,5.49
0000000000f9_0034 1400950270.89 1 5.10
0000000000f9_00a3 1400950370.8 1,13 6.28,103.63
0000000000f9_0055 1400950270.88 1,3 7.39,25.33
0000000000f9_003f 1400950171.44 4 14.24
0000000000f9_001c 1400950521.33 7 16.81
0000000000f9_008c 1400950371.18 4,2 11.16,36.99
0000000000f9_0007 1400950670.8 4,7 12.02,95.12
0000000000f9_0065 1400950621.19 1,13 15.75,116.63
0000000000f9_0057 1400950520.84 1,1 5.41,4.36
0000000000f9_003f 1400950221.48 4 14.24
0000000000f9_0068 1400950671.2 1,1 12.01,4.14
0000000000f9_0034 1400950320.89 1 5.10
0000000000f9_0066 1400950070.69 1 5.08
0000000000f9_0058 1400950270.84 5,1 13.66,5.49
0000000000f9_001c 1400950571.38 7 16.81
0000000000f9_0055 1400950320.93 1,3 7.39,25.33
0000000000f9_00a3 1400950420.8 1,13 6.28,103.63
0000000000f9_008c 1400950421.23 4,2 11.16,36.99
0000000000f9_007f 1400957426.22
0000000000f9_007f 1400957476.27
0000000000f9_003f 1400950271.54 4 14.24
0000000000f9_0057 1400950570.88 1,1 5.41,4.36
0000000000f9_001c 1400950621.43 7 16.81
0000000000f9_0034 1400950370.89 1,5 7.15,14.36
0000000000f9_0058 1400950320.89 5,1 13.66,5.49
0000000000f9_007f 1400957526.32
0000000000f9_0055 1400950370.99 3,1 23.41,5.96
0000000000f9_00a3 1400950470.85 1,13 6.28,103.63
0000000000f9_0066 1400950120.71 1 5.08
0000000000f9_00c6 1400949722.66
0000000000f9_008c 1400950471.28 4,2 11.16,36.99
0000000000f9_003f 1400950321.58 4 14.24
0000000000f9_001c 1400950671.48 7 16.17
0000000000f9_00c6 1400949772.71
0000000000f9_007f 1400957576.36
0000000000f9_0058 1400950370.94 1 5.04
0000000000f9_0057 1400950620.93 1,1 5.41,4.36
0000000000f9_0034 1400950420.91 1,5 7.15,14.36
0000000000f9_003f 1400950371.63 4,18 19.69,191.68
0000000000f9_0055 1400950421.0 3,1 23.41,5.96
0000000000f9_00a3 1400950520.9 1,13 6.28,103.63
0000000000f9_008c 1400950521.33 4,2 11.16,36.99
0000000000f9_007f 1400957626.42
0000000000f9_00c6 1400949822.76
0000000000f9_0066 1400950170.74 1 5.08
0000000000f9_00c6 1400949872.76
0000000000f9_0058 1400950420.95 1 5.04
0000000000f9_007f 1400957676.47
0000000000f9_003f 1400950421.68 4,18 19.69,191.68
0000000000f9_0065 1400950671.25 5,1 88.57,5.80
0000000000f9_0055 1400950471.05 3,1 23.41,5.96
0000000000f9_0052 1400950671.83 4,7 15.56,95.15
0000000000f9_0034 1400950470.96 1,5 7.15,14.36
0000000000f9_0057 1400950670.99 1,1 5.32,18.57
0000000000f9_008c 1400950571.38 4,2 11.16,36.99
0000000000f9_00a3 1400950570.95 1,13 6.28,103.63
0000000000f9_007f 1400957726.5
0000000000f9_00c6 1400949922.81
0000000000f9_003f 1400950471.73 4,18 19.69,191.68
0000000000f9_0058 1400950471.0 1 5.04
0000000000f9_0055 1400950521.11 3,1 23.41,5.96
0000000000f9_0052 1400950721.88 4,7 15.56,95.15
0000000000f9_007f 1400957776.55
0000000000f9_0066 1400950220.78 1,13 5.08,98.78
0000000000f9_00a3 1400950621.0 1,13 6.28,103.63
0000000000f9_008c 1400950621.39 4,2 11.16,36.99
0000000000f9_0034 1400950521.01 1,5 7.15,14.36
0000000000f9_003f 1400950521.78 4,18 19.69,191.68
0000000000f9_0083 1400949722.46
0000000000f9_0058 1400950521.03 1 5.04
0000000000f9_00c6 1400949972.86 8 80.25
0000000000f9_007f 1400957826.59
0000000000f9_008c 1400950671.44 4 10.32
0000000000f9_0055 1400950571.16 3,1 23.41,5.96
0000000000f9_00a3 1400950671.05 5,1 83.16,4.45
0000000000f9_0083 1400949772.51
0000000000f9_0034 1400950571.03 1,5 7.15,14.36
0000000000f9_003f 1400950571.83 4,18 19.69,191.68
0000000000f9_0058 1400950571.08 1 5.04
0000000000f9_00c6 1400950022.92 8 80.25
0000000000f9_0066 1400950270.84 1,13 5.08,98.78
0000000000f9_007f 1400957876.64
0000000000f9_0083 1400949822.57
0000000000f9_0055 1400950621.17 3,1 23.41,5.96
0000000000f9_00c6 1400950072.97 8 41.27
0000000000f9_007f 1400957926.7
0000000000f9_003f 1400950621.88 4,18 19.69,191.68
0000000000f9_0058 1400950621.13 1 5.04
0000000000f9_0034 1400950621.08 1,5 7.15,14.36
0000000000f9_0083 1400949872.62
0000000000f9_0055 1400950671.22 1 5.40
0000000000f9_007f 1400957976.75
0000000000f9_00c6 1400950123.02 8 41.27
0000000000f9_0083 1400949922.67
0000000000f9_0058 1400950671.17 1 5.86
0000000000f9_0034 1400950671.13 1 6.30
0000000000f9_0066 1400950320.84 1,13 5.08,98.78
0000000000f9_00c6 1400950173.07 8 41.27
0000000000f9_0083 1400949972.72
0000000000f9_0083 1400950022.77
0000000000f9_0066 1400950370.89 1,13 5.53,99.14
0000000000f9_0083 1400950072.82
0000000000f9_00c6 1400950223.12 8,10 41.27,27.83
0000000000f9_00c6 1400950273.17 8,10 41.27,27.83
0000000000f9_0083 1400950122.87
0000000000f9_003a 1400950323.27
0000000000f9_0066 1400950420.94 1,13 5.53,99.14
0000000000f9_00c6 1400950323.21 8,10 41.27,27.83
0000000000f9_0083 1400950172.92
0000000000f9_00c6 1400950373.26 10 66.70
0000000000f9_0083 1400950222.97
0000000000f9_00c6 1400950423.29 10 66.70
0000000000f9_0066 1400950470.99 1,13 5.53,99.14
0000000000f9_0083 1400950273.02
0000000000f9_00b5 1400950023.88
0000000000f9_0083 1400950323.08
0000000000f9_00c6 1400950473.31 10 66.70
0000000000f9_00b5 1400950073.93
0000000000f9_003a 1400950373.33
0000000000f9_0083 1400950373.13
0000000000f9_00c6 1400950523.36 10 66.70
0000000000f9_0066 1400950521.02 1,13 5.53,99.14
0000000000f9_00b5 1400950123.94
0000000000f9_0083 1400950423.18
0000000000f9_00b5 1400950173.99
0000000000f9_0083 1400950473.21
0000000000f9_00b5 1400950224.02
0000000000f9_0066 1400950571.08 1,13 5.53,99.14
0000000000f9_0083 1400950523.26
0000000000f9_00bc 1400950024.11
0000000000f9_00b5 1400950274.03
0000000000f9_00c6 1400950573.39 10 66.70
0000000000f9_0083 1400950573.31
0000000000f9_00b5 1400950324.08
0000000000f9_00c6 1400950623.44 10 66.70
0000000000f9_00c6 1400950673.46 10 75.50
0000000000f9_0083 1400950623.34
0000000000f9_00b5 1400950374.12
0000000000f9_0066 1400950621.13 1,13 5.53,99.14
0000000000f9_00bc 1400950074.15 4 82.68
0000000000f9_0083 1400950673.37
0000000000f9_0049 1400950324.18
0000000000f9_00b5 1400950424.12
0000000000f9_003a 1400950423.4 2 10.18
0000000000f9_00b5 1400950474.17
0000000000f9_00bc 1400950124.19 4 82.68
0000000000f9_0049 1400950374.23 4 92.31
0000000000f9_00bf 1400950024.54
0000000000f9_00b5 1400950524.22
0000000000f9_00bf 1400950074.59
0000000000f9_00bf 1400950124.64
0000000000f9_00bf 1400950174.69
0000000000f9_00bf 1400950224.73
0000000000f9_00b5 1400950574.26
0000000000f9_00bf 1400950274.78
0000000000f9_0049 1400950424.28 4 92.31
0000000000f9_00bc 1400950174.24 4 82.68
0000000000f9_00b5 1400950624.31
0000000000f9_0049 1400950474.33 4 92.31
0000000000f9_0090 1400949724.91
0000000000f9_00b5 1400950674.36
0000000000f9_0051 1400949724.97
0000000000f9_0066 1400950671.18 5,1 85.85,5.57
0000000000f9_00bf 1400950324.83
0000000000f9_00bf 1400950374.88 13,16 114.92,134.59
0000000000f9_00bf 1400950424.89 13,16 114.92,134.59
0000000000f9_00bf 1400950474.95 13,16 114.92,134.59
0000000000f9_00bf 1400950525.0 13,16 114.92,134.59
0000000000f9_00bf 1400950575.05 13,16 114.92,134.59
0000000000f9_0049 1400950524.38 4 92.31
0000000000f9_00bf 1400950625.06 13,16 114.92,134.59
0000000000f9_0090 1400949774.96
0000000000f9_00bf 1400950675.06 13 112.62
0000000000f9_00bc 1400950224.29 4 82.68
0000000000f9_0090 1400949824.99
0000000000f9_0091 1400950325.03
0000000000f9_0049 1400950574.43 4 92.31
0000000000f9_0051 1400949775.03
0000000000f9_0093 1400949724.9
0000000000f9_0090 1400949875.04
0000000000f9_003a 1400950473.47 2 10.18
0000000000f9_0092 1400950025.36
0000000000f9_0049 1400950624.49 4 92.31
0000000000f9_0091 1400950375.08 6,10 11.14,105.97
0000000000f9_0093 1400949774.93
0000000000f9_0090 1400949925.09
0000000000f9_00bc 1400950274.34 4,12 82.68,29.82
0000000000f9_0051 1400949825.08
0000000000f9_0049 1400950674.54 4 84.71
0000000000f9_0092 1400950075.41 10 105.78
0000000000f9_0093 1400949824.98
0000000000f9_0090 1400949975.14
0000000000f9_0091 1400950425.13 6,10 11.14,105.97
0000000000f9_0093 1400949875.02
0000000000f9_0092 1400950125.45 10 105.78
0000000000f9_0090 1400950025.19
0000000000f9_0051 1400949875.1
0000000000f9_0093 1400949925.07
0000000000f9_0091 1400950475.17 6,10 11.14,105.97
0000000000f9_00bc 1400950324.36 4,12 82.68,29.82
0000000000f9_0092 1400950175.5 10 105.78
0000000000f9_0090 1400950075.23 13 111.43
0000000000f9_0093 1400949975.07
0000000000f9_0051 1400949925.15
0000000000f9_0091 1400950525.23 6,10 11.14,105.97
0000000000f9_0047 1400950025.6
0000000000f9_0090 1400950125.29 13 111.43
0000000000f9_0093 1400950025.12
0000000000f9_0092 1400950225.51 10,6 105.78,9.71
0000000000f9_0047 1400950075.65 11 104.29
0000000000f9_0093 1400950075.17 10 102.08
0000000000f9_0091 1400950575.28 6,10 11.14,105.97
0000000000f9_0090 1400950175.3 13 111.43
0000000000f9_0050 1400950025.75
0000000000f9_00bc 1400950374.39 4,12 82.98,32.78
0000000000f9_0092 1400950275.57 10,6 105.78,9.71
0000000000f9_0051 1400949975.21 11 102.82
0000000000f9_0093 1400950125.23 10 102.08
0000000000f9_0047 1400950125.68 11 104.29
0000000000f9_0091 1400950625.31 6,10 11.14,105.97
0000000000f9_0090 1400950225.34 13,10 111.43,101.32
0000000000f9_0050 1400950075.81
0000000000f9_0092 1400950325.62 10,6 105.78,9.71
0000000000f9_0093 1400950175.28 10 102.08
0000000000f9_00bc 1400950424.42 4,12 82.98,32.78
0000000000f9_0051 1400950025.26 11 102.82
0000000000f9_0091 1400950675.37 6,10 9.56,98.99
0000000000f9_0090 1400950275.39 13,10 111.43,101.32
0000000000f9_003a 1400950523.53 2,2 10.18,9.78
0000000000f9_0092 1400950375.66 10,6 102.28,5.98
0000000000f9_0093 1400950225.32 10,6 102.08,7.12
0000000000f9_0050 1400950125.86
0000000000f9_0047 1400950175.72 11 104.29
0000000000f9_0047 1400950225.77 11 104.29
0000000000f9_0047 1400950275.78 11 104.29
0000000000f9_0090 1400950325.44 13,10 111.43,101.32
0000000000f9_004d 1400950026.26
0000000000f9_0092 1400950425.71 10,6 102.28,5.98
0000000000f9_0051 1400950075.3 11 99.49
0000000000f9_0093 1400950275.32 10,6 102.08,7.12
0000000000f9_0050 1400950175.92
0000000000f9_00bc 1400950474.45 4,12 82.98,32.78
0000000000f9_0090 1400950375.48 10 103.74
0000000000f9_0047 1400950325.83 11,6 104.29,6.98
0000000000f9_004d 1400950076.28 13 118.98
0000000000f9_0092 1400950475.77 10,6 102.28,5.98
0000000000f9_0093 1400950325.34 10,6 102.08,7.12
0000000000f9_0090 1400950425.53 10 103.74
0000000000f9_004d 1400950126.33 13 118.98
0000000000f9_0051 1400950125.31 11 99.49
0000000000f9_0047 1400950375.88 11,6 105.57,9.06
0000000000f9_0050 1400950225.94 15 115.38
0000000000f9_00bc 1400950524.49 4,12 82.98,32.78
0000000000f9_0093 1400950375.39 10,6 106.88,9.86
0000000000f9_0092 1400950525.8 10,6 102.28,5.98
0000000000f9_0090 1400950475.55 10 103.74
0000000000f9_0047 1400950425.93 11,6 105.57,9.06
0000000000f9_0090 1400950525.6 10 103.74
0000000000f9_0092 1400950575.86 10,6 102.28,5.98
0000000000f9_0093 1400950425.42 10,6 106.88,9.86
0000000000f9_0048 1400949726.38
0000000000f9_0051 1400950175.37 11 99.49
0000000000f9_004d 1400950176.38 13 118.98
0000000000f9_004d 1400950226.43 13 118.98
0000000000f9_0050 1400950275.99 15 115.38
0000000000f9_0047 1400950475.98 11,6 105.57,9.06
0000000000f9_0090 1400950575.65 10 103.74
0000000000f9_0048 1400949776.44
0000000000f9_0048 1400949826.49
0000000000f9_004d 1400950276.48 13,2 118.98,3.17
0000000000f9_0093 1400950475.43 10,6 106.88,9.86
0000000000f9_00bc 1400950574.54 4,12 82.98,32.78
0000000000f9_0092 1400950625.87 10,6 102.28,5.98
0000000000f9_0090 1400950625.7 10 103.74
0000000000f9_0047 1400950526.03 11,6 105.57,9.06
0000000000f9_0051 1400950225.42 11 99.49
0000000000f9_0048 1400949876.54
0000000000f9_0050 1400950326.04 15 115.38
0000000000f9_004d 1400950326.53 13,2 118.98,3.17
0000000000f9_0093 1400950525.49 10,6 106.88,9.86
0000000000f9_0092 1400950675.92 10,6 102.24,11.71
0000000000f9_0048 1400949926.59
0000000000f9_003a 1400950573.6 2,2 10.18,9.78
0000000000f9_0090 1400950675.74 10 114.98
0000000000f9_0047 1400950576.08 11,6 105.57,9.06
0000000000f9_00bc 1400950624.59 4,12 82.98,32.78
0000000000f9_004d 1400950376.58 13,2 107.50,3.51
0000000000f9_0093 1400950575.54 10,6 106.88,9.86
0000000000f9_0048 1400949976.65
0000000000f9_0048 1400950026.7
0000000000f9_0050 1400950376.09 15 127.97
0000000000f9_0051 1400950275.47 11,8 99.49,93.80
0000000000f9_0047 1400950626.13 11,6 105.57,9.06
0000000000f9_00ca 1400950323.46
0000000000f9_0093 1400950625.59 10,6 106.88,9.86
0000000000f9_00ca 1400950373.51
0000000000f9_00ca 1400950423.56
0000000000f9_00ca 1400950473.6
0000000000f9_0048 1400950076.75 18 123.50
0000000000f9_00ca 1400950523.65
0000000000f9_00bc 1400950674.62 4,12 82.51,28.91
0000000000f9_0047 1400950676.18 11,6 95.81,8.98
0000000000f9_00ca 1400950573.69
0000000000f9_004d 1400950426.63 13,2 107.50,3.51
0000000000f9_0093 1400950675.62 10,6 101.62,8.87
0000000000f9_0050 1400950426.14 15 127.97
0000000000f9_0048 1400950126.8 18 123.50
0000000000f9_004d 1400950476.68 13,2 107.50,3.51
0000000000f9_00ca 1400950623.71
0000000000f9_00ca 1400950673.76
0000000000f9_0051 1400950325.52 11,8 99.49,93.80
0000000000f9_0048 1400950176.81 18 123.50
0000000000f9_0050 1400950476.19 15 127.97
0000000000f9_004d 1400950526.73 13,2 107.50,3.51
0000000000f9_0048 1400950226.86 18,7 123.50,25.87
0000000000f9_0051 1400950375.57 8 92.93
0000000000f9_004d 1400950576.78 13,2 107.50,3.51
0000000000f9_004f 1400950327.68
0000000000f9_0048 1400950276.91 18,7 123.50,25.87
0000000000f9_0050 1400950526.24 15 127.97
0000000000f9_003a 1400950623.67 2,2 10.18,9.78
0000000000f9_004d 1400950626.83 13,2 107.50,3.51
0000000000f9_004f 1400950377.73 5 91.66
0000000000f9_0051 1400950425.62 8 92.93
0000000000f9_0048 1400950326.96 18,7 123.50,25.87
0000000000f9_004d 1400950676.88 13,2 117.33,3.48
0000000000f9_004f 1400950427.76 5 91.66
0000000000f9_0050 1400950576.29 15 127.97
0000000000f9_0048 1400950376.99 18,7 129.78,44.20
0000000000f9_004d 1400950726.93 13,2 117.33,3.48
0000000000f9_004f 1400950477.78 5 91.66
0000000000f9_0051 1400950475.67 8 92.93
0000000000f9_0050 1400950626.34 15 127.97
0000000000f9_0048 1400950427.04 18,7 129.78,44.20
0000000000f9_0051 1400950525.72 8 92.93
0000000000f9_0048 1400950477.1 18,7 129.78,44.20
0000000000f9_004f 1400950527.83 5 91.66
0000000000f9_004f 1400950577.88 5 91.66
0000000000f9_0048 1400950527.1 18,7 129.78,44.20
0000000000f9_0050 1400950676.39 15,15 130.52,111.33
0000000000f9_004f 1400950627.93 5 91.66
0000000000f9_0051 1400950575.77 8 92.93
0000000000f9_004f 1400950677.98 5,5 99.27,91.66
0000000000f9_0048 1400950577.15 18,7 129.78,44.20
0000000000f9_003a 1400950673.74 2,2 37.15,10.22
0000000000f9_0051 1400950625.82 8 92.93
0000000000f9_0048 1400950627.2 18,7 129.78,44.20
0000000000f9_0048 1400950677.25 18,7 144.64,26.14
0000000000f9_0051 1400950675.87 8 96.24
0000000000f9_003a 1400950723.8 2,2 37.15,10.22
0000000000f9_003f 1400950671.92 4,10 34.04,112.93
