0000000000f9_00a4 1400947599.24
0000000000f9_00a4 1400947649.29
0000000000f9_00a9 1400947599.35
0000000000f9_00a9 1400947649.36
0000000000f9_00a3 1400947599.2
0000000000f9_00a4 1400947699.34
0000000000f9_00a9 1400947699.41
0000000000f9_00a3 1400947649.25
0000000000f9_00a4 1400947749.35
0000000000f9_00a9 1400947749.44
0000000000f9_00a3 1400947699.3
0000000000f9_00a4 1400947799.37
0000000000f9_0096 1400947598.9
0000000000f9_00aa 1400947599.17
0000000000f9_00a3 1400947749.32
0000000000f9_00a9 1400947799.49 1 3.54
0000000000f9_00aa 1400947649.21
0000000000f9_00a3 1400947799.34
0000000000f9_0007 1400947598.63
0000000000f9_00a4 1400947849.42 1 2.01
0000000000f9_0096 1400947648.96
0000000000f9_00aa 1400947699.22
0000000000f9_00a9 1400947849.53 1,5,5 3.54,80.94,88.33
0000000000f9_00a5 1400947599.33
0000000000f9_0007 1400947648.65
0000000000f9_00aa 1400947749.27
0000000000f9_0096 1400947699.0
0000000000f9_00a5 1400947649.35
0000000000f9_008c 1400947598.99
0000000000f9_0007 1400947698.7
0000000000f9_00a9 1400947899.58 1,5,5 3.54,80.94,88.33
0000000000f9_00a5 1400947699.39
0000000000f9_00a4 1400947899.47 1,5 2.01,23.56
0000000000f9_008c 1400947649.03
0000000000f9_00aa 1400947799.32
0000000000f9_0007 1400947748.74
0000000000f9_00a5 1400947749.44
0000000000f9_0096 1400947749.04
0000000000f9_00a6 1400947599.25
0000000000f9_00a9 1400947949.63 1,5,5 4.05,83.80,86.20
0000000000f9_00a6 1400947649.28
0000000000f9_0007 1400947798.79
0000000000f9_00a5 1400947799.49 1 2.12
0000000000f9_00a7 1400947599.27
0000000000f9_0096 1400947799.08
0000000000f9_008c 1400947699.08
0000000000f9_00aa 1400947849.37 3,5,1 21.49,13.79,3.21
0000000000f9_00a6 1400947699.32
0000000000f9_00a4 1400947949.52 1,5 3.66,18.05
0000000000f9_00a9 1400947999.68 1,5,5 4.05,83.80,86.20
0000000000f9_00a5 1400947849.53 1 2.12
0000000000f9_00a6 1400947749.32
0000000000f9_008c 1400947749.1
0000000000f9_0007 1400947848.84 4,3 11.42,45.21
0000000000f9_00a7 1400947649.31
0000000000f9_00a6 1400947799.37 3 13.32
0000000000f9_00a3 1400947849.36 1,5 3.70,80.80
0000000000f9_00a9 1400948049.73 1,5,5 4.05,83.80,86.20
0000000000f9_0096 1400947849.13 2,4 30.26,5.56
0000000000f9_008c 1400947799.15
0000000000f9_00a4 1400947999.54 1,5 3.66,18.05
0000000000f9_0082 1400947599.5
0000000000f9_00a7 1400947699.34
0000000000f9_00a6 1400947849.4 3,1 13.32,3.60
0000000000f9_00aa 1400947899.42 3,5,1 21.49,13.79,3.21
0000000000f9_0007 1400947898.89 4,3,15 11.42,45.21,87.66
0000000000f9_00a7 1400947749.38
0000000000f9_00a4 1400948049.59 1,5 3.66,18.05
0000000000f9_0082 1400947649.56
0000000000f9_0066 1400947599.56
0000000000f9_00a7 1400947799.43
0000000000f9_00a3 1400947899.4 1,5,1 3.70,84.48,2.47
0000000000f9_00a9 1400948099.78 1,5,5 4.05,83.80,86.20
0000000000f9_00a6 1400947899.45 3,1,5 13.32,3.60,27.17
0000000000f9_0096 1400947899.18 2,4 30.26,5.56
0000000000f9_008c 1400947849.2 4,4 22.59,9.18
0000000000f9_0007 1400947948.94 4,3,15 8.46,30.80,103.62
0000000000f9_0082 1400947699.57
0000000000f9_00aa 1400947949.45 3,5,1 23.20,20.49,3.42
0000000000f9_0066 1400947649.6
0000000000f9_0068 1400947599.67
0000000000f9_00a6 1400947949.5 3,1,5 12.38,3.88,14.99
0000000000f9_00a4 1400948099.62 1,5 3.66,18.05
0000000000f9_00a3 1400947949.45 5,1,1 84.29,5.97,3.92
0000000000f9_00a9 1400948149.83 1,5,5 4.05,83.80,86.20
0000000000f9_00a8 1400947599.32
0000000000f9_0096 1400947949.23 2,4 40.40,8.94
0000000000f9_0082 1400947749.62
0000000000f9_0076 1400947599.63
0000000000f9_00aa 1400947999.48 3,5,1 23.20,20.49,3.42
0000000000f9_008c 1400947899.22 4,4 22.59,9.18
0000000000f9_0068 1400947649.72
0000000000f9_00a4 1400948149.62 1,5 3.66,18.05
0000000000f9_0007 1400947998.96 4,3,15 8.46,30.80,103.62
0000000000f9_00a3 1400947999.5 5,1,1 84.29,5.97,3.92
0000000000f9_00a8 1400947649.37
0000000000f9_00a6 1400947999.55 3,1,5 12.38,3.88,14.99
0000000000f9_00a9 1400948199.87 1,5,5 4.05,83.80,86.20
0000000000f9_00a5 1400947899.59 1,5,5 2.12,83.34,80.61
0000000000f9_00aa 1400948049.52 3,5,1 23.20,20.49,3.42
0000000000f9_0082 1400947799.67
0000000000f9_0076 1400947649.66
0000000000f9_0066 1400947749.7
0000000000f9_0068 1400947699.76
0000000000f9_00a4 1400948199.67 1,5 3.66,18.05
0000000000f9_00a3 1400948049.54 5,1,1 84.29,5.97,3.92
0000000000f9_00a8 1400947749.47
0000000000f9_0096 1400947999.28 2,4 40.40,8.94
0000000000f9_00a5 1400947949.64 1,5,5 3.58,87.16,84.23
0000000000f9_0055 1400947599.51
0000000000f9_00a6 1400948049.6 3,1,5 12.38,3.88,14.99
0000000000f9_0007 1400948048.99 4,3,15 8.46,30.80,103.62
0000000000f9_00a9 1400948249.92 1,5,5 3.65,82.24,84.66
0000000000f9_008c 1400947949.27 4,4 11.39,24.06
0000000000f9_00aa 1400948099.57 3,5,1 23.20,20.49,3.42
0000000000f9_00a8 1400947799.51
0000000000f9_00a4 1400948249.72 1 4.70
0000000000f9_0076 1400947699.71
0000000000f9_0068 1400947749.81
0000000000f9_001c 1400947601.72
0000000000f9_00a3 1400948099.59 5,1,1 84.29,5.97,3.92
0000000000f9_0055 1400947649.53
0000000000f9_0066 1400947799.75 1 4.56
0000000000f9_00a8 1400947849.56 1 2.32
0000000000f9_0082 1400947849.72 2,2 6.55,3.48
0000000000f9_00a5 1400947999.69 1,5,5 3.58,87.16,84.23
0000000000f9_0065 1400947599.88
0000000000f9_00aa 1400948149.61 3,5,1 23.20,20.49,3.42
0000000000f9_00a6 1400948099.64 3,1,5 12.38,3.88,14.99
0000000000f9_0076 1400947749.76
0000000000f9_0096 1400948049.34 2,4 40.40,8.94
0000000000f9_0007 1400948099.0 4,3,15 8.46,30.80,103.62
0000000000f9_00a4 1400948299.76 1 4.70
0000000000f9_001c 1400947651.74
0000000000f9_008c 1400947999.29 4,4 11.39,24.06
0000000000f9_00a7 1400947849.48 1,5,5 3.46,87.67,82.37
0000000000f9_00a8 1400947899.59 1 2.32
0000000000f9_0055 1400947699.58
0000000000f9_00a3 1400948149.63 5,1,1 84.29,5.97,3.92
0000000000f9_00aa 1400948199.61 3,5,1 23.20,20.49,3.42
0000000000f9_0068 1400947799.86 1 4.13
0000000000f9_00ab 1400947599.16
0000000000f9_00a6 1400948149.69 3,1,5 12.38,3.88,14.99
0000000000f9_0065 1400947649.92
0000000000f9_00a5 1400948049.74 1,5,5 3.58,87.16,84.23
0000000000f9_0076 1400947799.81
0000000000f9_00a8 1400947949.62 1 6.54
0000000000f9_00aa 1400948249.66 1 3.61
0000000000f9_00ab 1400947649.17
0000000000f9_001c 1400947701.78
0000000000f9_00a9 1400948299.94 1,5,5 3.65,82.24,84.66
0000000000f9_0055 1400947749.61
0000000000f9_00a7 1400947899.53 1,5,5 3.46,87.67,82.37
0000000000f9_00a3 1400948199.64 5,1,1 84.29,5.97,3.92
0000000000f9_0082 1400947899.77 2,2,5 6.55,3.48,89.39
0000000000f9_0007 1400948149.05 4,3,15 8.46,30.80,103.62
0000000000f9_0066 1400947849.8 1,1,5 4.56,5.75,85.04
0000000000f9_00a6 1400948199.74 3,1,5 12.38,3.88,14.99
0000000000f9_00aa 1400948299.68 1 3.61
0000000000f9_0065 1400947699.96
0000000000f9_0096 1400948099.39 2,4 40.40,8.94
0000000000f9_00a8 1400947999.66 1 6.54
0000000000f9_00a5 1400948099.79 1,5,5 3.58,87.16,84.23
0000000000f9_008c 1400948049.34 4,4 11.39,24.06
0000000000f9_00ab 1400947699.22
0000000000f9_0058 1400947599.54
0000000000f9_001c 1400947751.81
0000000000f9_0076 1400947849.82 1 4.76
0000000000f9_00a3 1400948249.68 5,1,1 82.57,5.79,3.58
0000000000f9_0068 1400947849.9 1,5 4.13,84.17
0000000000f9_00a6 1400948249.79 1 3.96
0000000000f9_00a8 1400948049.71 1 6.54
0000000000f9_00ab 1400947749.27
0000000000f9_00a7 1400947949.55 1,5,5 3.82,87.55,82.93
0000000000f9_0055 1400947799.66 1 4.59
0000000000f9_00a5 1400948149.84 1,5,5 3.58,87.16,84.23
0000000000f9_0065 1400947750.01
0000000000f9_00ab 1400947799.27
0000000000f9_0034 1400947599.57
0000000000f9_00a3 1400948299.7 5,1,1 82.57,5.79,3.58
0000000000f9_0007 1400948199.08 4,3,15 8.46,30.80,103.62
0000000000f9_00a6 1400948299.83 1 3.96
0000000000f9_0058 1400947649.58
0000000000f9_00a8 1400948099.76 1 6.54
0000000000f9_0096 1400948149.44 2,4 40.40,8.94
0000000000f9_0082 1400947949.82 2,2,5 16.37,6.40,87.20
0000000000f9_0076 1400947899.87 1 4.76
0000000000f9_00a7 1400947999.6 1,5,5 3.82,87.55,82.93
0000000000f9_0066 1400947899.84 1,1,5 4.56,5.75,85.04
0000000000f9_008c 1400948099.39 4,4 11.39,24.06
0000000000f9_001c 1400947801.87
0000000000f9_00ab 1400947849.32 5,5 82.00,87.23
0000000000f9_00a8 1400948149.8 1 6.54
0000000000f9_00a5 1400948199.89 1,5,5 3.58,87.16,84.23
0000000000f9_0065 1400947800.03
0000000000f9_0034 1400947649.63
0000000000f9_001c 1400947851.92
0000000000f9_0057 1400947599.62
0000000000f9_0007 1400948249.08 4,15 7.90,109.19
0000000000f9_0058 1400947699.61
0000000000f9_0055 1400947849.69 1,1 4.59,6.43
0000000000f9_0068 1400947899.95 1,5,5 4.13,84.17,87.61
0000000000f9_00a8 1400948199.81 1 6.54
0000000000f9_00ab 1400947899.33 5,5,1 82.00,87.23,2.43
0000000000f9_00a7 1400948049.66 1,5,5 3.82,87.55,82.93
0000000000f9_001c 1400947901.97
0000000000f9_00a5 1400948249.9 1,5,5 3.82,87.00,84.13
0000000000f9_008c 1400948149.44 4,4 11.39,24.06
0000000000f9_0065 1400947850.08
0000000000f9_0096 1400948199.49 2,4 40.40,8.94
0000000000f9_0034 1400947699.68
0000000000f9_0057 1400947649.68
0000000000f9_0076 1400947949.93 1,5 6.63,91.78
0000000000f9_0058 1400947749.66
0000000000f9_0007 1400948299.14 4,15 7.90,109.19
0000000000f9_0082 1400947999.86 2,2,5 16.37,6.40,87.20
0000000000f9_00ab 1400947949.39 5,5,1 83.07,85.51,3.52
0000000000f9_00a8 1400948299.91 1 5.98
0000000000f9_0066 1400947949.9 1,1,5 5.76,12.11,85.58
0000000000f9_00a7 1400948099.67 1,5,5 3.82,87.55,82.93
0000000000f9_00a5 1400948299.95 1,5,5 3.82,87.00,84.13
0000000000f9_0034 1400947749.73
0000000000f9_0065 1400947900.13
0000000000f9_00ab 1400947999.44 5,5,1 83.07,85.51,3.52
0000000000f9_0057 1400947699.73
0000000000f9_0096 1400948249.54 4 21.75
0000000000f9_0068 1400947950.0 1,5,5 5.79,83.80,90.32
0000000000f9_00a7 1400948149.71 1,5,5 3.82,87.55,82.93
0000000000f9_001c 1400947952.02 7,7 31.86,31.98
0000000000f9_008c 1400948199.49 4,4 11.39,24.06
0000000000f9_0058 1400947799.71 1 5.85
0000000000f9_0076 1400947999.98 1,5 6.63,91.78
0000000000f9_00ab 1400948049.47 5,5,1 83.07,85.51,3.52
0000000000f9_00a7 1400948199.75 1,5,5 3.82,87.55,82.93
0000000000f9_0034 1400947799.78
0000000000f9_0057 1400947749.78
0000000000f9_0082 1400948049.91 2,2,5 16.37,6.40,87.20
0000000000f9_00ab 1400948099.5 5,5,1 83.07,85.51,3.52
0000000000f9_0066 1400947999.95 1,1,5 5.76,12.11,85.58
0000000000f9_0096 1400948299.59 4 21.75
0000000000f9_00a7 1400948249.8 1,5,5 3.67,85.57,82.36
0000000000f9_0065 1400947950.16 1,13 16.13,105.85
0000000000f9_00ab 1400948149.55 5,5,1 83.07,85.51,3.52
0000000000f9_0058 1400947849.75 1 5.85
0000000000f9_001c 1400948002.07 7,7 31.86,31.98
0000000000f9_008c 1400948249.51 4,4 19.10,9.47
0000000000f9_0034 1400947849.83
0000000000f9_0068 1400948000.05 1,5,5 5.79,83.80,90.32
0000000000f9_0076 1400948050.03 1,5 6.63,91.78
0000000000f9_003f 1400947630.39
0000000000f9_00a7 1400948299.83 1,5,5 3.67,85.57,82.36
0000000000f9_00ab 1400948199.6 5,5,1 83.07,85.51,3.52
0000000000f9_0052 1400947599.31
0000000000f9_0057 1400947799.83 1 3.02
0000000000f9_003f 1400947680.45
0000000000f9_00ab 1400948249.65 5,5,1 87.54,96.04,3.70
0000000000f9_0082 1400948099.97 2,2,5 16.37,6.40,87.20
0000000000f9_0034 1400947899.89
0000000000f9_0065 1400948000.21 1,13 16.13,105.85
0000000000f9_0058 1400947899.81 1 5.85
0000000000f9_0066 1400948050.0 1,1,5 5.76,12.11,85.58
0000000000f9_001c 1400948052.13 7,7 31.86,31.98
0000000000f9_008c 1400948299.56 4,4 19.10,9.47
0000000000f9_00ab 1400948299.7 5,5,1 87.54,96.04,3.70
0000000000f9_0055 1400947899.72 1,1,5 4.59,6.43,81.55
0000000000f9_007f 1400954904.54
0000000000f9_003a 1400947600.46
0000000000f9_0068 1400948050.1 1,5,5 5.79,83.80,90.32
0000000000f9_0076 1400948100.08 1,5,1 6.63,91.78,3.01
0000000000f9_0057 1400947849.88 1,1 3.02,5.06
0000000000f9_0058 1400947949.86 1 14.27
0000000000f9_0034 1400947949.94 1,13 21.10,112.77
0000000000f9_007f 1400954954.6
0000000000f9_0065 1400948050.26 1,13 16.13,105.85
0000000000f9_001c 1400948102.18 7,7 31.86,31.98
0000000000f9_0082 1400948150.02 2,2,5 16.37,6.40,87.20
0000000000f9_0066 1400948100.05 1,1,5 5.76,12.11,85.58
0000000000f9_0055 1400947949.77 5,1,1 83.88,14.91,5.38
0000000000f9_0052 1400947649.36
0000000000f9_0076 1400948150.13 1,5,1 6.63,91.78,3.01
0000000000f9_0068 1400948100.14 1,5,5 5.79,83.80,90.32
0000000000f9_003f 1400947730.46
0000000000f9_0058 1400947999.91 1 14.27
0000000000f9_0065 1400948100.31 1,13 16.13,105.85
0000000000f9_0034 1400947999.99 1,13 3.16,112.77
0000000000f9_00c6 1400947600.37
0000000000f9_0057 1400947899.93 1,1,5 3.02,5.06,86.12
0000000000f9_001c 1400948152.19 7,7 31.86,31.98
0000000000f9_003a 1400947650.53
0000000000f9_0082 1400948200.07 2,2,5 16.37,6.40,87.20
0000000000f9_007f 1400955004.66
0000000000f9_00c6 1400947650.42
0000000000f9_007f 1400955054.71
0000000000f9_0066 1400948150.09 1,1,5 5.76,12.11,85.58
0000000000f9_0055 1400947999.82 5,1,1 83.88,14.91,5.38
0000000000f9_0058 1400948049.96 1 14.27
0000000000f9_007f 1400955104.72
0000000000f9_0076 1400948200.18 1,5,1 6.63,91.78,3.01
0000000000f9_0068 1400948150.19 1,5,5 5.79,83.80,90.32
0000000000f9_0052 1400947699.42
0000000000f9_0065 1400948150.36 1,13 16.13,105.85
0000000000f9_003f 1400947780.52
0000000000f9_00c6 1400947700.48
0000000000f9_001c 1400948202.24 7,7 31.86,31.98
0000000000f9_0052 1400947749.47
0000000000f9_0034 1400948050.04 1,13 3.16,112.77
0000000000f9_003f 1400947830.56
0000000000f9_0082 1400948250.07 2,2,5 7.19,15.15,91.12
0000000000f9_003f 1400947880.61
0000000000f9_007f 1400955154.76
0000000000f9_0057 1400947949.99 1,1,5 5.48,10.85,87.47
0000000000f9_0052 1400947799.52
0000000000f9_0058 1400948100.01 1 14.27
0000000000f9_0055 1400948049.87 5,1,1 83.88,14.91,5.38
0000000000f9_0066 1400948200.14 1,1,5 5.76,12.11,85.58
0000000000f9_003f 1400947930.66
0000000000f9_001c 1400948252.25 7,7 34.59,44.07
0000000000f9_00c6 1400947750.51
0000000000f9_003a 1400947700.59
0000000000f9_0076 1400948250.23 1,5,1 16.01,91.18,5.17
0000000000f9_0065 1400948200.4 1,13 16.13,105.85
0000000000f9_0052 1400947849.57
0000000000f9_007f 1400955204.78
0000000000f9_0068 1400948200.24 1,5,5 5.79,83.80,90.32
0000000000f9_0083 1400947600.88
0000000000f9_0034 1400948100.09 1,13 3.16,112.77
0000000000f9_0058 1400948150.07 1 14.27
0000000000f9_00c6 1400947800.55
0000000000f9_0082 1400948300.12 2,2,5 7.19,15.15,91.12
0000000000f9_007f 1400955254.84
0000000000f9_001c 1400948302.26 7,7 34.59,44.07
0000000000f9_0055 1400948099.92 5,1,1 83.88,14.91,5.38
0000000000f9_0057 1400948000.03 1,1,5 5.48,10.85,87.47
0000000000f9_0066 1400948250.2 1,1,5 13.02,4.93,89.12
0000000000f9_0083 1400947650.93
0000000000f9_0065 1400948250.44 1,13 6.63,112.43
0000000000f9_0076 1400948300.29 1,5,1 16.01,91.18,5.17
0000000000f9_0058 1400948200.12 1 14.27
0000000000f9_0068 1400948250.29 1,5,5 5.45,84.37,90.83
0000000000f9_0034 1400948150.11 1,13 3.16,112.77
0000000000f9_00c6 1400947850.61 10 36.66
0000000000f9_007f 1400955304.88
0000000000f9_0083 1400947700.98
0000000000f9_003f 1400947980.71 4,4,10 39.18,30.09,99.86
0000000000f9_0052 1400947899.62 4,7,4 6.38,96.78,7.79
0000000000f9_003a 1400947750.66
0000000000f9_003f 1400948030.76 4,4,10 39.18,30.09,99.86
0000000000f9_0052 1400947949.67 4,7,4 10.34,91.81,17.47
0000000000f9_0055 1400948149.93 5,1,1 83.88,14.91,5.38
0000000000f9_0058 1400948250.17 1 7.25
0000000000f9_0065 1400948300.44 1,13 6.63,112.43
0000000000f9_0066 1400948300.24 1,1,5 13.02,4.93,89.12
0000000000f9_0057 1400948050.09 1,1,5 5.48,10.85,87.47
0000000000f9_007f 1400955354.9
0000000000f9_0083 1400947751.03
0000000000f9_0034 1400948200.15 1,13 3.16,112.77
0000000000f9_0068 1400948300.34 1,5,5 5.45,84.37,90.83
0000000000f9_00c6 1400947900.64 10,10,8 36.66,57.57,34.09
0000000000f9_00ca 1400947601.85
0000000000f9_003f 1400948080.81 4,4,10 39.18,30.09,99.86
0000000000f9_0083 1400947801.09
0000000000f9_0058 1400948300.22 1 7.25
0000000000f9_00ca 1400947651.9
0000000000f9_0055 1400948199.98 5,1,1 83.88,14.91,5.38
0000000000f9_00ca 1400947701.95
0000000000f9_0052 1400947999.72 4,7,4 10.34,91.81,17.47
0000000000f9_003f 1400948130.85 4,4,10 39.18,30.09,99.86
0000000000f9_00ca 1400947752.0
0000000000f9_003a 1400947800.73
0000000000f9_0083 1400947851.13
0000000000f9_0052 1400948049.77 4,7,4 10.34,91.81,17.47
0000000000f9_003f 1400948180.9 4,4,10 39.18,30.09,99.86
0000000000f9_0057 1400948100.14 1,1,5 5.48,10.85,87.47
0000000000f9_00ca 1400947802.05
0000000000f9_0034 1400948250.16 1,13 6.20,107.01
0000000000f9_007f 1400955404.95
0000000000f9_00ca 1400947852.06
0000000000f9_007f 1400955455.0
0000000000f9_00c6 1400947950.66 10,10,8 49.72,39.51,56.66
0000000000f9_0052 1400948099.83 4,7,4 10.34,91.81,17.47
0000000000f9_0055 1400948250.03 5,1,1 85.69,13.13,5.36
0000000000f9_00ca 1400947902.11
0000000000f9_007f 1400955505.05
0000000000f9_00ca 1400947952.15
0000000000f9_003f 1400948230.95 4,4,10 39.18,30.09,99.86
0000000000f9_00ca 1400948002.2
0000000000f9_0083 1400947901.18
0000000000f9_0034 1400948300.21 1,13 6.20,107.01
0000000000f9_00ca 1400948052.25
0000000000f9_00ca 1400948102.27
0000000000f9_0057 1400948150.19 1,1,5 5.48,10.85,87.47
0000000000f9_0083 1400947951.22
0000000000f9_00ca 1400948152.33
0000000000f9_0055 1400948300.08 5,1,1 85.69,13.13,5.36
0000000000f9_00ca 1400948202.38
0000000000f9_003f 1400948281.0 4,4,10 22.03,28.67,107.56
0000000000f9_00ca 1400948252.43
0000000000f9_007f 1400955555.1
0000000000f9_00ca 1400948302.48
0000000000f9_0052 1400948149.88 4,7,4 10.34,91.81,17.47
0000000000f9_0083 1400948001.26
0000000000f9_003a 1400947850.8 2 12.34
0000000000f9_007f 1400955605.14
0000000000f9_00c6 1400948000.71 10,10,8 49.72,39.51,56.66
0000000000f9_0052 1400948199.93 4,7,4 10.34,91.81,17.47
0000000000f9_0057 1400948200.23 1,1,5 5.48,10.85,87.47
0000000000f9_0083 1400948051.31
0000000000f9_00c6 1400948050.76 10,10,8 49.72,39.51,56.66
0000000000f9_0083 1400948101.36
0000000000f9_0052 1400948249.98 4,7,4 11.51,90.82,18.51
0000000000f9_0057 1400948250.29 1,1,5 11.41,4.66,86.73
0000000000f9_0083 1400948151.39
0000000000f9_00c6 1400948100.81 10,10,8 49.72,39.51,56.66
0000000000f9_0052 1400948300.03 4,7,4 11.51,90.82,18.51
0000000000f9_0083 1400948201.44
0000000000f9_00c6 1400948150.86 10,10,8 49.72,39.51,56.66
0000000000f9_0057 1400948300.34 1,1,5 11.41,4.66,86.73
0000000000f9_003a 1400947900.87 2,5 12.34,28.71
0000000000f9_0083 1400948251.5
0000000000f9_0083 1400948301.52
0000000000f9_00c6 1400948200.91 10,10,8 49.72,39.51,56.66
0000000000f9_00b5 1400947602.31
0000000000f9_00bc 1400947607.3
0000000000f9_00b5 1400947652.37
0000000000f9_003a 1400947950.93 2,5 22.53,63.04
0000000000f9_00c6 1400948250.96 10 40.39
0000000000f9_00b5 1400947702.42
0000000000f9_00c6 1400948301.0 10 40.39
0000000000f9_00bc 1400947657.35
0000000000f9_0049 1400947607.53
0000000000f9_00b5 1400947752.46
0000000000f9_0049 1400947657.57
0000000000f9_00b5 1400947802.52
0000000000f9_0049 1400947707.62
0000000000f9_00bc 1400947707.39
0000000000f9_00b5 1400947852.57
0000000000f9_0049 1400947757.66
0000000000f9_00b5 1400947902.62
0000000000f9_0049 1400947807.71
0000000000f9_003a 1400948001.0 2,5 22.53,63.04
0000000000f9_00bc 1400947757.44
0000000000f9_00b5 1400947952.67
0000000000f9_0049 1400947857.74
0000000000f9_00b5 1400948002.72
0000000000f9_0049 1400947907.79
0000000000f9_00bc 1400947807.48
0000000000f9_00b5 1400948052.77
0000000000f9_0049 1400947957.84 12 14.28
0000000000f9_00b5 1400948102.82
0000000000f9_0049 1400948007.89 12 14.28
0000000000f9_00b5 1400948152.87
0000000000f9_003a 1400948051.07 2,5 22.53,63.04
0000000000f9_0049 1400948057.94 12 14.28
0000000000f9_00b5 1400948202.92
0000000000f9_0093 1400947605.45
0000000000f9_0091 1400947609.57
0000000000f9_0092 1400947609.48
0000000000f9_0051 1400947610.4
0000000000f9_00b5 1400948252.95
0000000000f9_0090 1400947617.51
0000000000f9_0091 1400947659.63
0000000000f9_0093 1400947655.48
0000000000f9_0092 1400947659.54
0000000000f9_0049 1400948107.99 12 14.28
0000000000f9_00b5 1400948303.0
0000000000f9_0091 1400947709.68
0000000000f9_0093 1400947705.52
0000000000f9_0090 1400947667.56
0000000000f9_0092 1400947709.59
0000000000f9_0049 1400948158.04 12 14.28
0000000000f9_0051 1400947660.46
0000000000f9_0091 1400947759.73
0000000000f9_0090 1400947717.6
0000000000f9_0093 1400947755.58
0000000000f9_0049 1400948208.08 12 14.28
0000000000f9_0091 1400947809.78
0000000000f9_0093 1400947805.63
0000000000f9_0090 1400947767.64
0000000000f9_0092 1400947809.68
0000000000f9_003a 1400948101.14 2,5 22.53,63.04
0000000000f9_0051 1400947710.51
0000000000f9_00bc 1400947857.53 12,4,7 20.82,84.24,91.40
0000000000f9_0049 1400948258.12 12 45.54
0000000000f9_0090 1400947817.69
0000000000f9_0092 1400947859.73 6 4.09
0000000000f9_0093 1400947855.68 10 11.52
0000000000f9_0090 1400947867.7
0000000000f9_0049 1400948308.15 12 45.54
0000000000f9_0050 1400947607.82
0000000000f9_0092 1400947909.78 6 4.09
0000000000f9_0051 1400947760.56
0000000000f9_0090 1400947917.75
0000000000f9_0091 1400947859.83 9 14.10
0000000000f9_0051 1400947810.58
0000000000f9_00bc 1400947907.56 12,4,7 20.82,84.24,91.40
0000000000f9_0092 1400947959.83 6 7.06
0000000000f9_0090 1400947967.8 6 8.78
0000000000f9_0050 1400947657.87
0000000000f9_0093 1400947905.69 10,9,10 11.52,19.42,102.02
0000000000f9_0092 1400948009.88 6 7.06
0000000000f9_003a 1400948151.2 2,5 22.53,63.04
0000000000f9_0090 1400948017.84 6 8.78
0000000000f9_0091 1400947909.88 9,10,10 14.10,107.58,90.69
0000000000f9_0047 1400947604.28
0000000000f9_0050 1400947707.92
0000000000f9_0092 1400948059.93 6 7.06
0000000000f9_0047 1400947654.33
0000000000f9_0090 1400948067.86 6 8.78
0000000000f9_0051 1400947860.64 16 15.66
0000000000f9_0093 1400947955.74 10,9,10 20.10,10.33,87.50
0000000000f9_0047 1400947704.34
0000000000f9_0091 1400947959.93 10,10,9 87.95,13.19,10.57
0000000000f9_0092 1400948109.98 6 7.06
0000000000f9_0090 1400948117.92 6 8.78
0000000000f9_0050 1400947757.94
0000000000f9_00bc 1400947957.6 12,4,7 9.00,83.11,110.06
0000000000f9_0047 1400947754.4
0000000000f9_0093 1400948005.79 10,9,10 20.10,10.33,87.50
0000000000f9_0092 1400948160.03 6 7.06
0000000000f9_0047 1400947804.42
0000000000f9_0091 1400948009.98 10,10,9 87.95,13.19,10.57
0000000000f9_0090 1400948167.92 6 8.78
0000000000f9_0050 1400947807.99
0000000000f9_003a 1400948201.27 2,5 22.53,63.04
0000000000f9_0051 1400947910.69 16,8 15.66,88.37
0000000000f9_0092 1400948210.08 6 7.06
0000000000f9_0090 1400948217.96 6 8.78
0000000000f9_0047 1400947854.47 6 5.22
0000000000f9_0093 1400948055.84 10,9,10 20.10,10.33,87.50
0000000000f9_0091 1400948060.03 10,10,9 87.95,13.19,10.57
0000000000f9_00bc 1400948007.65 12,4,7 9.00,83.11,110.06
0000000000f9_0092 1400948260.13 6 13.06
0000000000f9_0090 1400948268.02 6 15.55
0000000000f9_0050 1400947858.04 15 19.07
0000000000f9_0047 1400947904.52 6 5.22
0000000000f9_0093 1400948105.89 10,9,10 20.10,10.33,87.50
0000000000f9_0092 1400948310.18 6 13.06
0000000000f9_0091 1400948110.08 10,10,9 87.95,13.19,10.57
0000000000f9_0090 1400948318.07 6 15.55
0000000000f9_0051 1400947960.72 16,8 24.15,94.93
0000000000f9_0047 1400947954.57 6,14 14.26,125.12
0000000000f9_003a 1400948251.34 2 24.27
0000000000f9_0093 1400948155.92 10,9,10 20.10,10.33,87.50
0000000000f9_0091 1400948160.14 10,10,9 87.95,13.19,10.57
0000000000f9_0047 1400948004.59 6,14 14.26,125.12
0000000000f9_00bc 1400948057.69 12,4,7 9.00,83.11,110.06
0000000000f9_0093 1400948205.98 10,9,10 20.10,10.33,87.50
0000000000f9_0051 1400948010.77 16,8 24.15,94.93
0000000000f9_0091 1400948210.19 10,10,9 87.95,13.19,10.57
0000000000f9_0047 1400948054.62 6,14 14.26,125.12
0000000000f9_0048 1400947606.8
0000000000f9_0050 1400947908.09 15,14 19.07,23.78
0000000000f9_003a 1400948301.41 2 24.27
0000000000f9_0048 1400947656.81
0000000000f9_0047 1400948104.67 6,14 14.26,125.12
0000000000f9_0093 1400948256.03 10,9,10 37.21,27.43,107.27
0000000000f9_0091 1400948260.23 10,10,9 114.52,38.59,28.88
0000000000f9_0048 1400947706.86
0000000000f9_00bc 1400948107.74 12,4,7 9.00,83.11,110.06
0000000000f9_0051 1400948060.81 16,8 24.15,94.93
0000000000f9_0050 1400947958.15 15,14 60.87,41.95
0000000000f9_0048 1400947756.91
0000000000f9_0047 1400948154.72 6,14 14.26,125.12
0000000000f9_0093 1400948306.03 10,9,10 37.21,27.43,107.27
0000000000f9_0091 1400948310.28 10,10,9 114.52,38.59,28.88
0000000000f9_0048 1400947806.96
0000000000f9_0047 1400948204.78 6,14 14.26,125.12
0000000000f9_0048 1400947857.01 18 127.89
0000000000f9_0051 1400948110.86 16,8 24.15,94.93
0000000000f9_0047 1400948254.79 6 10.24
0000000000f9_00bc 1400948157.77 12,4,7 9.00,83.11,110.06
0000000000f9_0050 1400948008.2 15,14 60.87,41.95
0000000000f9_0047 1400948304.85 6 10.24
0000000000f9_0048 1400947907.05 18,18 127.89,23.24
0000000000f9_0051 1400948160.91 16,8 24.15,94.93
0000000000f9_0050 1400948058.24 15,14 60.87,41.95
0000000000f9_00bc 1400948207.79 12,4,7 9.00,83.11,110.06
0000000000f9_0048 1400947957.09 18,18 130.60,58.11
0000000000f9_0048 1400948007.13 18,18 130.60,58.11
0000000000f9_0051 1400948210.95 16,8 24.15,94.93
0000000000f9_0050 1400948108.29 15,14 60.87,41.95
0000000000f9_00bc 1400948257.84 12,4 31.31,85.36
0000000000f9_004d 1400947612.9
0000000000f9_004d 1400947662.95
0000000000f9_0048 1400948057.18 18,18 130.60,58.11
0000000000f9_004d 1400947712.99
0000000000f9_004f 1400947610.77
0000000000f9_0048 1400948107.23 18,18 130.60,58.11
0000000000f9_0051 1400948261.0 16,8 44.04,96.41
0000000000f9_00bc 1400948307.89 12,4 31.31,85.36
0000000000f9_0050 1400948158.32 15,14 60.87,41.95
0000000000f9_004f 1400947660.82
0000000000f9_004d 1400947763.03
0000000000f9_004d 1400947813.08
0000000000f9_004d 1400947863.13 2 2.33
0000000000f9_0048 1400948157.29 18,18 130.60,58.11
0000000000f9_004f 1400947710.88
0000000000f9_0051 1400948311.05 16,8 44.04,96.41
0000000000f9_004d 1400947913.18 2 2.33
0000000000f9_0050 1400948208.37 15,14 60.87,41.95
0000000000f9_004d 1400947963.23 2 5.24
0000000000f9_004f 1400947760.88
0000000000f9_00bf 1400947602.76
0000000000f9_0048 1400948207.34 18,18 130.60,58.11
0000000000f9_0048 1400948257.39 18,18,18 123.15,57.50,124.81
0000000000f9_00bf 1400947652.8
0000000000f9_00bf 1400947702.84
0000000000f9_00bf 1400947752.85
0000000000f9_00bf 1400947802.89
0000000000f9_004d 1400948013.28 2 5.24
0000000000f9_004f 1400947810.93
0000000000f9_00bf 1400947852.91
0000000000f9_004f 1400947860.98
0000000000f9_0048 1400948307.44 18,18,18 123.15,57.50,124.81
0000000000f9_0050 1400948258.42 15,14,15 73.01,49.96,125.11
0000000000f9_00bf 1400947902.96
0000000000f9_00bf 1400947953.01 13,13 23.54,108.73
0000000000f9_00bf 1400948003.06 13,13 23.54,108.73
0000000000f9_00bf 1400948053.11 13,13 23.54,108.73
0000000000f9_00bf 1400948103.15 13,13 23.54,96.57
0000000000f9_00bf 1400948153.21 13,13 23.54,96.57
0000000000f9_004d 1400948063.33 2 5.24
0000000000f9_004d 1400948113.38 2 5.24
0000000000f9_004f 1400947911.0
0000000000f9_00bf 1400948203.25 13,13 23.54,96.57
0000000000f9_00bf 1400948253.27 13,13,13 37.20,108.41,102.54
0000000000f9_004d 1400948163.43 2 5.24
0000000000f9_00bf 1400948303.32 13,13,13 37.20,108.41,102.54
0000000000f9_0050 1400948308.47 15,14,15 73.01,49.96,125.11
0000000000f9_004d 1400948213.48 2 5.24
0000000000f9_004f 1400947961.05 13 13.37
0000000000f9_004d 1400948263.53 2 5.49
0000000000f9_004f 1400948011.1 13 13.37
0000000000f9_004f 1400948061.15 13 13.37
0000000000f9_004f 1400948111.18 5 88.26
0000000000f9_004f 1400948161.22 5 88.26
0000000000f9_004f 1400948211.27 5 88.26
0000000000f9_004d 1400948313.58 2 5.49
0000000000f9_004f 1400948261.32 5,13 89.37,43.29
0000000000f9_004f 1400948311.38 5,13 89.37,43.29
