0000000000f9_0005 6,6,6,6,6,6,6,8,4,6,8,12,8,10,6,4,15,15,15,6,15,6,6,1,7,17,12,14,8,15,7,8,9,7,17,6,6,6,6,6,6,6,6,8,6,22,14
0000000000f9_0004 8,8,8,8,8,8,8,10,6,8,10,14,10,12,8,1,17,17,17,8,17,8,8,4,9,19,14,16,10,17,9,10,11,9,19,8,8,8,8,8,8,8,8,10,8,24,16
0000000000f9_0078 7,7,7,7,7,7,7,9,5,7,9,13,9,11,7,8,16,16,16,7,16,7,1,6,8,18,13,15,9,16,8,9,10,8,18,7,7,7,7,7,7,7,7,7,7,23,15
0000000000f9_0070 8,8,8,8,8,8,8,10,8,8,10,14,10,1,8,12,17,17,17,8,17,8,11,10,9,19,14,16,10,17,9,10,11,9,19,8,8,8,8,8,8,8,8,12,8,24,16
0000000000f9_0011 8,8,8,8,8,8,8,10,10,8,10,1,10,14,8,4,14,17,17,17,8,17,8,13,12,9,19,14,16,10,17,9,10,11,9,19,8,8,8,8,8,8,8,8,14,8,24,11
0000000000f9_0093 10,10,10,10,10,10,10,12,10,16,12,16,10,16,1,1,1,10,1,10,15,14,8,6,13,3,7,10,12,10,10,6,10,10,10,10,10,10,10,10,16,10,11
0000000000f9_0091 10,10,10,10,10,10,10,12,10,16,12,16,10,16,1,1,1,10,1,10,15,14,8,6,13,3,7,10,12,10,10,6,10,10,10,10,10,10,10,10,16,10,11
0000000000f9_0051 8,8,8,8,8,8,8,10,8,14,10,14,8,14,14,14,14,8,14,8,13,12,6,16,1,13,5,8,10,5,8,16,8,8,8,8,8,8,8,8,14,8,21
0000000000f9_0097 
0000000000f9_0092 10,10,10,10,10,10,10,12,10,16,12,16,10,16,1,1,1,10,1,10,15,14,8,6,13,3,7,10,12,10,10,6,10,10,10,10,10,10,10,10,16,10,11
0000000000f9_00ae 8,8,8,8,8,8,8,10,6,8,10,14,10,12,8,10,17,17,17,8,17,8,7,8,9,19,14,16,10,17,9,10,11,9,19,8,8,8,8,8,8,8,8,1,8,24,16
0000000000f9_0090 10,10,10,10,10,10,10,12,10,16,12,16,10,16,1,1,1,10,1,10,15,14,8,6,13,3,7,10,12,10,10,6,10,10,10,10,10,10,10,10,16,10,11
0000000000f9_0048 18,18,18,18,18,18,18,20,18,24,20,24,18,24,11,11,11,18,11,18,23,22,16,7,21,11,8,18,20,18,18,7,18,18,18,18,18,18,18,18,24,18,1
0000000000f9_004d 13,13,13,13,13,13,13,15,13,19,15,19,13,19,6,6,6,13,6,13,18,17,11,2,16,6,5,13,15,13,13,1,13,13,13,13,13,13,13,13,19,13,7
0000000000f9_00bf 13,13,13,13,13,13,13,15,13,19,15,19,13,19,6,6,6,13,6,13,18,17,11,1,16,6,5,13,15,13,13,2,13,13,13,13,13,13,13,13,19,13,7
0000000000f9_0047 11,11,11,11,11,11,11,13,11,17,13,17,11,17,3,3,3,11,3,11,16,15,9,6,14,1,7,11,13,11,11,6,11,11,11,11,11,11,11,11,17,11,11
0000000000f9_003f 7,7,7,7,7,7,7,3,9,7,3,11,3,13,7,3,13,16,16,16,7,16,7,12,11,8,18,13,15,1,16,8,3,10,8,18,7,7,7,7,7,7,7,7,13,7,23,10
0000000000f9_0050 15,15,15,15,15,15,15,17,15,21,17,21,15,21,7,7,7,15,7,15,20,19,13,5,18,7,1,15,17,15,15,5,15,15,15,15,15,15,15,15,21,15,8
0000000000f9_00a6 1,1,1,1,1,1,1,4,4,2,4,8,4,8,2,8,11,11,11,1,11,1,7,6,3,13,8,10,4,11,3,4,5,3,13,1,1,1,1,1,1,1,1,8,1,18,10
0000000000f9_00a8 1,1,1,1,1,1,1,4,4,2,4,8,4,8,2,8,11,11,11,1,11,1,7,6,3,13,8,10,4,11,3,4,5,3,13,1,1,1,1,1,1,1,1,8,1,18,10
0000000000f9_00a3 1,1,1,1,1,1,1,4,4,2,4,8,4,8,2,8,11,11,11,1,11,1,7,6,3,13,8,10,4,11,3,4,5,3,13,1,1,1,1,1,1,1,1,8,1,18,10
0000000000f9_00aa 1,1,1,1,1,1,1,4,4,2,4,8,4,8,2,8,11,11,11,1,11,1,7,6,3,13,8,10,4,11,3,4,5,3,13,1,1,1,1,1,1,1,1,8,1,18,10
0000000000f9_0058 1,1,1,1,1,1,1,4,4,2,4,8,4,8,2,8,11,11,11,1,11,1,7,6,3,13,8,10,4,11,3,4,5,3,13,1,1,1,1,1,1,1,1,8,1,18,10
0000000000f9_00ab 1,1,1,1,1,1,1,4,4,2,4,8,4,8,2,8,11,11,11,1,11,1,7,6,3,13,8,10,4,11,3,4,5,3,13,1,1,1,1,1,1,1,1,8,1,18,10
0000000000f9_0076 1,1,1,1,1,1,1,4,4,2,4,8,4,8,2,8,11,11,11,1,11,1,7,6,3,13,8,10,4,11,3,4,5,3,13,1,1,1,1,1,1,1,1,8,1,18,10
0000000000f9_0034 1,1,1,1,1,1,1,4,4,2,4,8,4,8,2,8,11,11,11,1,11,1,7,6,3,13,8,10,4,11,3,4,5,3,13,1,1,1,1,1,1,1,1,8,1,18,10
0000000000f9_00a4 1,1,1,1,1,1,1,4,4,2,4,8,4,8,2,8,11,11,11,1,11,1,7,6,3,13,8,10,4,11,3,4,5,3,13,1,1,1,1,1,1,1,1,8,1,18,10
0000000000f9_00a7 1,1,1,1,1,1,1,4,4,2,4,8,4,8,2,8,11,11,11,1,11,1,7,6,3,13,8,10,4,11,3,4,5,3,13,1,1,1,1,1,1,1,1,8,1,18,10
0000000000f9_0055 1,1,1,1,1,1,1,4,4,2,4,8,4,8,2,8,11,11,11,1,11,1,7,6,3,13,8,10,4,11,3,4,5,3,13,1,1,1,1,1,1,1,1,8,1,18,10
0000000000f9_0067 1,1,1,1,1,1,1,4,4,2,4,8,4,8,2,8,11,11,11,1,11,1,7,6,3,13,8,10,4,11,3,4,5,3,13,1,1,1,1,1,1,1,1,8,1,18,10
0000000000f9_00a9 1,1,1,1,1,1,1,4,4,2,4,8,4,8,2,8,11,11,11,1,11,1,7,6,3,13,8,10,4,11,3,4,5,3,13,1,1,1,1,1,1,1,1,8,1,18,10
0000000000f9_0057 1,1,1,1,1,1,1,4,4,2,4,8,4,8,2,8,11,11,11,1,11,1,7,6,3,13,8,10,4,11,3,4,5,3,13,1,1,1,1,1,1,1,1,8,1,18,10
0000000000f9_0068 1,1,1,1,1,1,1,4,4,2,4,8,4,8,2,8,11,11,11,1,11,1,7,6,3,13,8,10,4,11,3,4,5,3,13,1,1,1,1,1,1,1,1,8,1,18,10
0000000000f9_0065 1,1,1,1,1,1,1,4,4,2,4,8,4,8,2,8,11,11,11,1,11,1,7,6,3,13,8,10,4,11,3,4,5,3,13,1,1,1,1,1,1,1,1,8,1,18,10
0000000000f9_00a5 1,1,1,1,1,1,1,4,4,2,4,8,4,8,2,8,11,11,11,1,11,1,7,6,3,13,8,10,4,11,3,4,5,3,13,1,1,1,1,1,1,1,1,8,1,18,10
0000000000f9_00bc 4,4,4,4,4,4,4,6,4,10,6,10,4,10,10,10,10,4,10,4,9,8,1,12,7,9,10,4,6,4,4,12,4,4,4,4,4,4,4,4,10,4,17
0000000000f9_003a 2,2,2,2,2,2,2,4,4,1,4,8,4,8,1,8,11,11,11,2,11,2,7,6,3,13,8,10,4,11,3,4,5,3,13,2,2,2,2,2,2,2,2,8,2,18,10
0000000000f9_0066 1,1,1,1,1,1,1,4,4,2,4,8,4,8,2,8,11,11,11,1,11,1,7,6,3,13,8,10,4,11,3,4,5,3,13,1,1,1,1,1,1,1,1,8,1,18,10
0000000000f9_0082 2,2,2,2,2,2,2,4,4,1,4,8,4,8,1,8,11,11,11,2,11,2,7,6,3,13,8,10,4,11,3,4,5,3,13,2,2,2,2,2,2,2,2,8,2,18,10
0000000000f9_00c1 3,3,3,3,3,3,3,5,3,9,5,9,3,9,11,11,11,3,11,3,8,7,3,13,8,10,11,1,5,5,1,13,3,3,3,3,3,3,3,3,9,3,18
0000000000f9_0052 4,4,4,4,4,4,4,3,6,3,3,10,3,10,3,3,10,13,13,13,4,13,4,9,8,5,15,10,12,3,13,5,1,7,5,15,4,4,4,4,4,4,4,4,10,4,20,12
0000000000f9_00c2 3,3,3,3,3,3,3,5,3,9,5,9,3,9,11,11,11,3,11,3,8,7,3,13,8,10,11,1,5,5,1,13,3,3,3,3,3,3,3,3,9,3,18
0000000000f9_004f 5,5,5,5,5,5,5,7,5,11,7,11,5,11,11,11,11,5,11,5,10,9,3,13,5,10,7,5,7,1,5,13,5,5,5,5,5,5,5,5,11,5,18
0000000000f9_00c6 10,10,10,10,10,10,10,12,12,9,12,11,12,16,9,16,10,10,15,14,12,12,10,10,10,10,10,10,10,10,16,10,1
0000000000f9_0007 4,4,4,4,4,4,4,3,6,3,3,10,1,10,3,3,10,13,13,13,4,13,4,9,8,5,15,10,12,3,13,5,3,7,5,15,4,4,4,4,4,4,4,4,10,4,20,12
0000000000f9_001c 7,7,7,7,7,7,7,3,1,7,3,11,3,7,3,7,7,3,8,3,8,7,7,7,7,7,7,7,7,7,10
0000000000f9_0096 4,4,4,4,4,4,4,3,6,3,1,10,3,10,3,3,10,4,4,9,8,3,3,4,4,4,4,4,4,4,4,10,4,12
0000000000f9_008c 4,4,4,4,4,4,4,1,6,3,3,10,3,10,3,3,10,4,4,9,8,3,3,4,4,4,4,4,4,4,4,10,4,12
0000000000f9_0083 1
0000000000f9_00a0 
0000000000f9_00b5 30,15,30,13,15,30,30,30,30,30,5,1,15,12,15,16
0000000000f9_00ca 1
0000000000f9_0072 1
0000000000f9_007f 1
0000000000f9_00bd 1
0000000000f9_00be 1
0000000000f9_009c 1
0000000000f9_009e 1
0000000000f9_009b 1
0000000000f9_00ba 1
0000000000f9_00b9 1
0000000000f9_009a 1
0000000000f9_009d 1
0000000000f9_007e 1
0000000000f9_00a1 1
