0000000000f9_00aa 1400582233.07
0000000000f9_0007 1400582232.63
0000000000f9_00aa 1400582283.11 1,1,1,1 1.83,1.36,2.69,1.13
0000000000f9_00a8 1400582232.97
0000000000f9_00aa 1400582333.16 1,1,1,1 1.83,1.36,2.69,1.13
0000000000f9_00a6 1400582233.14
0000000000f9_00aa 1400582383.2 1,1,1,1 1.83,1.36,2.69,1.13
0000000000f9_00aa 1400582433.24 1,1,1,1 1.76,2.43,2.69,1.13
0000000000f9_00a6 1400582283.18 1,8,1,1,1 1.42,87.26,1.11,1.03,1.37
0000000000f9_00a7 1400582233.51
0000000000f9_00aa 1400582483.28 1,1,1,1 1.76,2.43,1.70,1.81
0000000000f9_00a6 1400582333.22 1,8,1,1,1 1.42,87.26,1.11,1.03,1.37
0000000000f9_00aa 1400582533.33 1,1,1,1 1.76,2.43,1.70,1.81
0000000000f9_00a7 1400582283.54 1,1,1,1 2.56,1.49,1.29,2.74
0000000000f9_00a6 1400582383.27 1,8,1,1,1 1.42,87.26,1.11,1.03,1.37
0000000000f9_00aa 1400582583.37 1,1,1,1 1.76,2.43,1.70,1.81
0000000000f9_0076 1400582233.61
0000000000f9_00a7 1400582333.56 1,1,1,1 2.56,1.49,1.29,2.74
0000000000f9_00aa 1400582633.41 1,1,1,1 1.98,1.47,1.83,1.68
0000000000f9_00a7 1400582383.57 1,1,1,1 2.56,1.49,1.29,2.74
0000000000f9_00aa 1400582683.46 1,1,1,1 1.98,1.47,1.83,1.68
0000000000f9_00a9 1400582233.22
0000000000f9_00a5 1400582233.41
0000000000f9_0076 1400582283.66 1,4,1,1,1 5.37,7.31,3.77,12.15,6.10
0000000000f9_00aa 1400582733.51 1,1,1,1 1.98,1.47,1.83,1.68
0000000000f9_008c 1400582233.64
0000000000f9_00a8 1400582283.01 10,1,4,1,1,1,1 83.54,3.94,4.43,3.03,1.89,1.32,1.88
0000000000f9_00a9 1400582283.25 1,1,1,1 1.42,1.33,1.19,1.51
0000000000f9_00aa 1400582783.55 1,1,1,1 1.98,1.47,1.83,1.68
0000000000f9_00a9 1400582333.3 1,1,1,1 1.42,1.33,1.19,1.51
0000000000f9_00a6 1400582433.32 1,6,8,1,1,1 2.17,84.13,87.26,1.11,1.03,2.54
0000000000f9_00a8 1400582333.06 10,1,4,1,1,1,1 83.54,3.94,4.43,3.03,1.89,1.32,1.88
0000000000f9_0076 1400582333.68 1,4,1,1,1 5.37,7.31,3.77,12.15,6.10
0000000000f9_00a9 1400582383.33 1,1,1,1 1.42,1.33,1.19,1.51
0000000000f9_0096 1400582233.92
0000000000f9_00a3 1400582233.31
0000000000f9_008c 1400582283.66 4,4,4,3,4 7.07,9.05,6.15,21.66,9.26
0000000000f9_001c 1400582233.52
0000000000f9_00a6 1400582483.37 1,6,8,1,1,1 2.17,84.13,87.26,1.97,1.03,2.54
0000000000f9_00a9 1400582433.38 1,1,1,1 1.42,1.33,1.19,1.78
0000000000f9_00a8 1400582383.11 10,1,4,1,1,1,1 83.54,3.94,4.43,3.03,1.89,1.32,1.88
0000000000f9_00a7 1400582433.62 1,5,1,1,1 2.56,83.31,1.65,1.29,2.74
0000000000f9_00a9 1400582483.43 1,1,1,1 1.42,1.33,1.80,1.78
0000000000f9_00a6 1400582533.39 1,6,8,1,1,1 2.17,84.13,87.26,1.97,1.03,2.54
0000000000f9_0076 1400582383.72 1,4,1,1,1 5.37,7.31,3.77,12.15,6.10
0000000000f9_00a8 1400582433.15 10,1,4,1,1,1,1 83.54,3.94,4.43,4.10,1.73,1.71,1.88
0000000000f9_00a9 1400582533.47 1,1,1,1 1.42,1.33,1.80,1.78
0000000000f9_008c 1400582333.71 4,4,4,3,4 7.07,9.05,6.15,21.66,9.26
0000000000f9_00a6 1400582583.43 1,6,8,1,1,1 2.17,84.13,87.26,1.97,1.03,2.54
0000000000f9_00a9 1400582583.52 1,1,1,1 1.42,1.33,1.80,1.78
0000000000f9_00a8 1400582483.2 10,1,4,1,1,1,1 83.54,4.05,4.43,4.10,1.73,1.71,2.13
0000000000f9_0058 1400582233.62
0000000000f9_001c 1400582283.58 4,4,4,4,4 15.68,11.59,12.11,12.77,11.43
0000000000f9_00a9 1400582633.56 1,1,1,1 1.42,1.33,1.55,1.98
0000000000f9_00a6 1400582633.46 1,6,8,1,1,1 2.09,85.61,87.26,1.78,1.03,1.96
0000000000f9_0065 1400582233.61
0000000000f9_0076 1400582433.77 1,4,1,1,1 5.37,7.31,6.11,4.75,3.60
0000000000f9_00a8 1400582533.2 10,1,4,1,1,1,1 83.54,4.05,4.43,4.10,1.73,1.71,2.13
0000000000f9_00a9 1400582683.6 1,1,1,1 1.42,1.33,1.55,1.98
0000000000f9_008c 1400582383.75 4,4,4,3,4 7.07,9.05,6.15,21.66,9.26
0000000000f9_00a6 1400582683.51 1,6,8,1,1,1 2.09,85.61,87.26,1.78,1.03,1.96
0000000000f9_00a5 1400582283.46 1,1,11,1 1.60,1.31,82.91,1.27
0000000000f9_00a9 1400582733.65 1,1,1,1 1.42,1.33,1.55,1.98
0000000000f9_001c 1400582333.63 4,4,4,4,4 15.68,11.59,12.11,12.77,11.43
0000000000f9_00a8 1400582583.23 10,1,4,1,1,1,1 83.54,4.05,4.43,4.10,1.73,1.71,2.13
0000000000f9_00a6 1400582733.54 1,6,8,1,1,1 2.09,85.61,87.26,1.78,1.03,1.96
0000000000f9_0076 1400582483.82 1,4,1,1,1 5.37,9.09,6.11,4.75,3.60
0000000000f9_00a9 1400582783.69 1,1,1,1 1.42,1.33,1.55,1.98
0000000000f9_00a5 1400582333.51 1,1,11,1 1.60,1.31,82.91,1.27
0000000000f9_0058 1400582283.67 1,4,1,1,1,1 4.92,9.19,5.88,3.57,4.06,4.19
0000000000f9_00a8 1400582633.25 10,1,4,1,1,1,1 83.54,3.46,4.43,3.87,1.80,1.59,1.88
0000000000f9_008c 1400582433.76 4,4,4,3,4 7.07,8.99,5.89,11.14,9.26
0000000000f9_00a5 1400582383.55 1,1,11,1 1.60,1.31,82.91,1.27
0000000000f9_0068 1400582233.9
0000000000f9_00a6 1400582783.58 1,6,8,1,1,1 2.09,85.61,87.26,1.78,1.03,1.71
0000000000f9_0057 1400582233.41
0000000000f9_00a5 1400582433.6 1,1,11,1 1.60,2.39,91.66,1.70
0000000000f9_001c 1400582383.68 4,4,4,4,4 15.68,11.59,12.11,12.77,11.43
0000000000f9_00a5 1400582483.65 1,1,11,1 1.60,2.39,91.66,1.70
0000000000f9_0076 1400582533.87 1,4,1,1,1 5.37,9.09,6.11,4.75,3.60
0000000000f9_008c 1400582483.78 4,4,4,3,4 7.07,8.99,5.89,11.14,6.87
0000000000f9_00a5 1400582533.69 1,1,11,1 1.60,2.39,91.66,1.70
0000000000f9_00a7 1400582483.67 1,5,9,1,1,1 2.56,83.31,87.55,1.65,1.29,2.74
0000000000f9_00a8 1400582683.29 10,1,4,1,1,1,1 83.54,3.46,4.43,3.87,1.80,1.59,1.88
0000000000f9_00a8 1400582733.31 10,1,4,1,1,1,1 83.54,3.46,4.43,3.87,1.80,1.59,1.88
0000000000f9_00a8 1400582783.36 10,1,4,1,1,1,1 83.54,3.46,4.43,5.64,1.80,1.59,1.88
0000000000f9_0058 1400582333.71 1,4,1,1,1,1 4.92,9.19,5.88,3.57,4.06,4.19
0000000000f9_00a4 1400582233.02
0000000000f9_0068 1400582283.95 4.72,10.88,3.66,10.91,4.51
0000000000f9_001c 1400582433.71 4,4,4,4,4 15.68,11.59,9.48,12.58,12.39
0000000000f9_00a5 1400582583.73 1,1,11,1 1.60,2.39,91.66,1.70
0000000000f9_0082 1400580863.78
0000000000f9_0056 1400582233.89
0000000000f9_0057 1400582283.45 1,4,1,1,1 3.04,14.01,4.56,4.70,4.62
0000000000f9_00a7 1400582533.71 1,5,9,1,1,1 2.56,83.31,87.55,1.65,1.29,2.74
0000000000f9_0076 1400582583.92 1,4,1,1,1 5.37,9.09,6.11,4.75,3.60
0000000000f9_00a5 1400582633.77 1,1,11,1 1.60,2.10,91.75,1.64
0000000000f9_008c 1400582533.79 4,4,4,3,4 7.07,8.99,5.89,11.14,6.87
0000000000f9_00a5 1400582683.8 1,1,11,1 1.60,2.10,91.75,1.64
0000000000f9_0056 1400582283.94
0000000000f9_00a7 1400582583.76 1,5,9,1,1,1 2.56,83.31,87.55,1.65,1.29,2.74
0000000000f9_0082 1400580913.83 2,2,2 15.96,5.38,5.30
0000000000f9_00a4 1400582283.07 11,1,1,4,1 82.95,1.43,2.58,5.18,1.37
0000000000f9_001c 1400582483.76 4,4,4,4,4 10.42,10.39,9.48,12.58,12.39
0000000000f9_00a5 1400582733.85 1,1,11,1 1.60,2.10,91.75,1.64
0000000000f9_0058 1400582383.76 1,4,1,1,1,1 4.92,9.19,5.88,3.57,4.06,4.19
0000000000f9_0068 1400582334.0 4.72,10.88,3.66,10.91,4.51
0000000000f9_00a7 1400582633.79 1,5,9,1,1,1 2.56,83.46,90.70,1.81,1.29,2.74
0000000000f9_0055 1400582233.92
0000000000f9_00a4 1400582333.12 11,1,1,4,1 82.95,1.43,2.58,5.18,1.37
0000000000f9_00a5 1400582783.9 1,1,11,1 1.60,1.67,91.75,1.64
0000000000f9_0076 1400582633.97 1,4,1,1,1 5.37,9.68,4.00,4.54,3.60
0000000000f9_0056 1400582333.99
0000000000f9_008c 1400582583.8 4,4,4,3,4 7.07,8.99,5.89,11.14,6.87
0000000000f9_0057 1400582333.5 1,4,1,1,1 3.04,14.01,4.56,4.70,4.62
0000000000f9_0082 1400580963.87 2,2,2 15.96,5.38,5.30
0000000000f9_00a7 1400582683.83 1,5,9,1,1,1 2.56,83.46,90.70,1.81,1.29,2.74
0000000000f9_00a4 1400582383.13 11,1,1,4,1 82.95,1.43,2.58,5.18,1.37
0000000000f9_001c 1400582533.81 4,4,4,4,4 10.42,10.39,9.48,12.58,12.39
0000000000f9_00a7 1400582733.88 1,5,9,1,1,1 2.56,83.46,90.70,1.81,1.29,2.74
0000000000f9_0066 1400582233.74
0000000000f9_0083 1400582235.73
0000000000f9_0056 1400582384.0
0000000000f9_00a4 1400582433.14 11,1,1,4,1 88.93,1.43,2.58,5.18,1.84
0000000000f9_0068 1400582384.05 4.72,10.88,3.66,10.91,4.51
0000000000f9_0082 1400581013.92 2,2,2 15.96,5.38,5.30
0000000000f9_00a7 1400582783.93 1,5,9,1,1,1 2.56,83.46,90.70,1.81,1.29,2.74
0000000000f9_0083 1400582285.78
0000000000f9_0076 1400582684.0 1,4,1,1,1 5.37,9.68,4.00,4.54,3.60
0000000000f9_008c 1400582633.8 4,4,4,3,4 10.29,10.24,14.31,25.88,9.57
0000000000f9_0058 1400582433.76 1,4,1,1,1,1 4.92,9.19,4.83,4.22,3.90,4.19
0000000000f9_00ab 1400582234.21
0000000000f9_00a4 1400582483.18 11,1,1,4,1 88.93,1.68,2.89,5.18,1.84
0000000000f9_0057 1400582383.56 1,4,1,1,1 3.04,14.01,4.56,4.70,4.62
0000000000f9_001c 1400582583.86 4,4,4,4,4 10.42,10.39,9.48,12.58,12.39
0000000000f9_0083 1400582335.82
0000000000f9_0082 1400581063.97 2,2,2 4.30,4.05,5.30
0000000000f9_00a4 1400582533.23 11,1,1,4,1 88.93,1.68,2.89,5.18,1.84
0000000000f9_003a 1400582236.48
0000000000f9_00ab 1400582284.26 1,4,1,4,1 4.19,6.23,1.42,78.93,1.15
0000000000f9_0083 1400582385.87
0000000000f9_0068 1400582434.1 4.24,10.88,3.66,12.11,3.65
0000000000f9_0076 1400582734.05 1,4,1,1,1 5.37,9.68,4.00,4.54,3.60
0000000000f9_008c 1400582683.83 4,4,4,3,4 10.29,10.24,14.31,25.88,9.57
0000000000f9_00a4 1400582583.24 11,1,1,4,1 88.93,1.68,2.89,5.18,1.84
0000000000f9_00ab 1400582334.31 1,4,1,4,1 4.19,6.23,1.42,78.93,1.15
0000000000f9_0083 1400582435.92
0000000000f9_0066 1400582283.79 15.82,89.20,8.90,5.43,3.51,9.11,2.89
0000000000f9_00ab 1400582384.36 1,4,1,4,1 4.19,6.23,1.42,78.93,1.15
0000000000f9_0058 1400582483.81 1,4,1,1,1,1 4.92,44.05,4.83,4.22,3.90,3.52
0000000000f9_0082 1400581114.02 2,2,2 4.30,4.05,5.14
0000000000f9_001c 1400582633.91 4,4,4,4,4 14.12,13.51,12.96,12.69,15.47
0000000000f9_00a4 1400582633.28 11,1,1,4,1 86.10,1.71,3.75,5.18,1.79
0000000000f9_0083 1400582485.97
0000000000f9_0057 1400582433.61 1,1,4,1,1,1 3.13,4.50,9.10,4.56,4.70,4.62
0000000000f9_00a4 1400582683.32 11,1,1,4,1 86.10,1.71,3.75,5.18,1.79
0000000000f9_0083 1400582536.02
0000000000f9_00ca 1400582236.28
0000000000f9_0068 1400582484.13 4.24,3.86,3.22,12.11,3.65
0000000000f9_008c 1400582733.87 4,4,4,3,4 10.29,10.24,14.31,25.88,9.57
0000000000f9_00ca 1400582286.33
0000000000f9_0076 1400582784.1 1,4,1,1,1 5.37,9.68,3.91,4.54,3.60
0000000000f9_0082 1400581164.07 2,2,2 4.30,4.05,5.14
0000000000f9_00ca 1400582336.38
0000000000f9_0056 1400582434.01 5 88.12
0000000000f9_0083 1400582586.05
0000000000f9_00a4 1400582733.37 11,1,1,4,1 86.10,1.71,3.75,5.18,1.79
0000000000f9_00ca 1400582386.43
0000000000f9_001c 1400582683.95 4,4,4,4,4 14.12,13.51,12.96,12.69,15.47
0000000000f9_00ca 1400582436.48
0000000000f9_0066 1400582333.83 15.82,89.20,8.90,5.43,3.51,9.11,2.89
0000000000f9_00ca 1400582486.53
0000000000f9_0058 1400582533.83 1,4,1,1,1,1 4.92,44.05,4.83,4.22,3.90,3.52
0000000000f9_00a4 1400582783.42 11,1,1,4,1 86.10,1.71,3.75,5.18,1.76
0000000000f9_0083 1400582636.1
0000000000f9_0082 1400581214.12 2,2,2 4.30,4.05,5.14
0000000000f9_008c 1400582783.91 4,4,4,3,4 10.29,8.48,14.31,25.88,9.57
0000000000f9_0056 1400582484.02 5 88.12
0000000000f9_00ca 1400582536.58
0000000000f9_00ca 1400582586.58
0000000000f9_00ca 1400582636.63
0000000000f9_0068 1400582534.18 4.24,3.86,3.22,12.11,3.65
0000000000f9_00ca 1400582686.68
0000000000f9_0057 1400582483.66 1,1,4,1,1,1 3.13,4.50,9.10,3.34,3.41,3.75
0000000000f9_0083 1400582686.14
0000000000f9_00ca 1400582736.69
0000000000f9_0055 1400582283.96 11,1,1,1,1 102.05,6.60,5.19,3.21,3.44
0000000000f9_00ca 1400582786.74
0000000000f9_001c 1400582734.0 4,4,4,4,4 14.12,13.51,12.96,12.69,15.47
0000000000f9_0083 1400582736.19
0000000000f9_0082 1400581264.17 2,2,2 6.51,4.01,5.11
0000000000f9_0083 1400582786.23
0000000000f9_0066 1400582383.85 15.82,89.20,8.90,5.43,3.51,9.11,2.89
0000000000f9_0056 1400582534.06 5 88.12
0000000000f9_0058 1400582583.88 1,4,1,1,1,1 4.92,44.05,4.83,4.22,3.90,3.52
0000000000f9_0068 1400582584.21 4.24,3.86,3.22,12.11,3.65
0000000000f9_0055 1400582334.02 11,1,1,1,1 102.05,6.60,5.19,3.21,3.44
0000000000f9_001c 1400582784.05 4,4,4,4,4 14.12,13.51,12.96,12.69,11.64
0000000000f9_0082 1400581314.22 2,2,2 6.51,4.01,5.11
0000000000f9_0057 1400582533.71 1,1,4,1,1,1 3.13,4.50,9.10,3.34,3.41,3.75
0000000000f9_0056 1400582584.11 5 91.31
0000000000f9_0066 1400582433.86 15.82,89.20,8.90,4.20,5.23,16.61,2.89
0000000000f9_0082 1400581364.25 2,2,2 6.51,4.01,5.11
0000000000f9_0055 1400582384.06 11,1,1,1,1 102.05,6.60,5.19,3.21,3.44
0000000000f9_0058 1400582633.91 1,4,1,1,1,1 4.92,10.72,4.89,3.40,3.76,3.57
0000000000f9_0068 1400582634.26 5.74,4.29,3.41,6.79,3.14
0000000000f9_00b5 1400582236.93
0000000000f9_0056 1400582634.12 5 91.31
0000000000f9_0057 1400582583.75 1,1,4,1,1,1 3.13,4.50,9.10,3.34,3.41,3.75
0000000000f9_0079 1400582237.04
0000000000f9_00b5 1400582286.96
0000000000f9_0082 1400581414.3 2,2,2 6.51,4.01,5.11
0000000000f9_00ab 1400582434.36 13,1,4,1,4,1 86.29,4.19,6.23,1.42,83.60,1.15
0000000000f9_0055 1400582434.09 11,1,1,1,1 102.05,6.60,3.55,3.79,4.23
0000000000f9_00bc 1400582236.89
0000000000f9_00b5 1400582337.01
0000000000f9_0056 1400582684.13 5 91.31
0000000000f9_00ab 1400582484.36 13,1,4,1,4,1 86.29,4.19,6.23,1.42,83.60,1.15
0000000000f9_0066 1400582483.9 15.82,89.20,8.90,4.20,5.23,16.61,3.44
0000000000f9_0058 1400582683.91 1,4,1,1,1,1 4.92,10.72,4.89,3.40,3.76,3.57
0000000000f9_00b5 1400582387.04
0000000000f9_0082 1400581464.35 2,2,2 6.51,5.01,5.83
0000000000f9_00ab 1400582534.41 13,1,4,1,4,1 86.29,4.19,6.23,1.42,83.60,1.15
0000000000f9_00b5 1400582437.09
0000000000f9_00ab 1400582584.42 13,1,4,1,4,1 86.29,4.19,6.23,1.42,83.60,1.15
0000000000f9_0055 1400582484.14 11,1,1,1,1 102.05,6.60,3.55,3.79,4.23
0000000000f9_0056 1400582734.18 5 93.71
0000000000f9_00ab 1400582634.43 1,4,1,4,1 4.19,6.23,1.42,85.16,1.15
0000000000f9_0082 1400581514.4 2,2,2 6.51,5.01,5.83
0000000000f9_00b5 1400582487.14 9 141.13
0000000000f9_0090 1400582237.33
0000000000f9_00ab 1400582684.43 1,4,1,4,1 4.19,6.23,1.42,85.16,1.15
0000000000f9_0066 1400582533.94 15.82,89.20,8.90,4.20,5.23,16.61,3.44
0000000000f9_0058 1400582733.96 1,4,1,1,1,1 4.92,10.72,4.89,3.40,3.76,3.57
0000000000f9_0091 1400582237.13
0000000000f9_0092 1400582236.96
0000000000f9_0093 1400582237.15
0000000000f9_00ab 1400582734.48 1,4,1,4,1 4.19,6.23,1.42,85.16,1.15
0000000000f9_00b5 1400582537.19 9 141.13
0000000000f9_0056 1400582784.23 5 93.71
0000000000f9_0055 1400582534.19 11,1,1,1,1 102.05,6.60,3.55,3.79,4.23
0000000000f9_0082 1400581564.45 2,2,2 6.51,5.01,5.83
0000000000f9_0047 1400582237.27
0000000000f9_00ab 1400582784.52 1,4,1,4,1 4.19,6.23,1.42,85.16,1.15
0000000000f9_00bc 1400582286.94 10,10,10,9 7.98,10.72,7.30,7.90
0000000000f9_00b5 1400582587.24 9 141.13
0000000000f9_0068 1400582684.28 5.74,4.29,3.41,6.79,3.14
0000000000f9_0068 1400582734.32 5.74,4.29,3.41,6.79,3.14
0000000000f9_0068 1400582784.38 4.29,4.29,3.41,6.79,3.14
0000000000f9_0092 1400582287.01 10,8,6,3 91.36,7.27,7.08,14.79
0000000000f9_0066 1400582583.94 15.82,89.20,8.90,4.20,5.23,16.61,3.44
0000000000f9_0082 1400581614.5 2,2,2 6.51,4.56,6.70
0000000000f9_00b5 1400582637.29 9 141.13
0000000000f9_0055 1400582584.19 11,1,1,1,1 102.05,6.60,3.55,3.79,4.23
0000000000f9_0058 1400582783.97 1,4,1,1,1,1 4.92,10.72,5.09,3.40,3.76,3.57
0000000000f9_0091 1400582287.18 1,8,1,1,7 5.67,12.44,11.47,7.16,10.82
0000000000f9_0093 1400582287.21 1,8,1,1,7 12.59,6.97,6.02,5.63,11.90
0000000000f9_00b5 1400582687.34 9 121.57
0000000000f9_0092 1400582337.05 10,8,6,3 91.36,7.27,7.08,14.79
0000000000f9_00bc 1400582336.98 10,10,10,9 7.98,10.72,7.30,7.90
0000000000f9_003a 1400582286.54 11,11,2,2 103.34,97.47,13.23,16.39
0000000000f9_0055 1400582634.23 11,1,1,1,1 102.05,6.60,4.69,3.80,3.72
0000000000f9_00b5 1400582737.34 9 121.57
0000000000f9_0091 1400582337.22 1,8,1,1,7 5.67,12.44,11.47,7.16,10.82
0000000000f9_0066 1400582633.96 15.82,89.20,8.90,3.70,3.18,6.75,3.47
0000000000f9_0093 1400582337.26 1,8,1,1,7 12.59,6.97,6.02,5.63,11.90
0000000000f9_00b5 1400582787.4 9 121.57
0000000000f9_0092 1400582387.07 10,8,6,3 91.36,7.27,7.08,14.79
0000000000f9_0057 1400582633.8 1,1,4,1,1,1 3.13,4.37,7.19,3.61,3.23,3.29
0000000000f9_0057 1400582683.85 1,1,4,1,1,1 3.13,4.37,7.19,3.61,3.23,3.29
0000000000f9_0057 1400582733.9 1,1,4,1,1,1 3.13,4.37,7.19,3.61,3.23,3.29
0000000000f9_004d 1400582237.88
0000000000f9_0055 1400582684.28 11,1,1,1,1 102.05,6.60,4.69,3.80,3.72
0000000000f9_0057 1400582783.94 1,1,4,1,1,1 3.13,4.72,7.19,3.61,3.23,3.29
0000000000f9_0091 1400582387.23 1,8,1,1,7 5.67,12.44,11.47,7.16,10.82
0000000000f9_0093 1400582387.31 1,8,1,1,7 12.59,6.97,6.02,5.63,11.90
0000000000f9_00bc 1400582387.0 10,10,10,9 7.98,10.72,7.30,7.90
0000000000f9_0066 1400582684.0 15.82,89.20,8.90,3.70,3.18,6.75,3.47
0000000000f9_0055 1400582734.29 11,1,1,1,1 102.05,6.60,4.69,3.80,3.72
0000000000f9_0091 1400582437.26 1,8,1,1,7 4.82,19.32,11.47,7.16,17.39
0000000000f9_0093 1400582437.36 1,8,1,1,7 12.59,13.08,4.70,6.10,9.94
0000000000f9_003a 1400582336.6 11,11,2,2 103.34,97.47,13.23,16.39
0000000000f9_0066 1400582734.0 15.82,89.20,8.90,3.70,3.18,6.75,3.47
0000000000f9_0090 1400582287.36 10,10,6,1,7 87.38,82.15,6.21,5.28,10.49
0000000000f9_0050 1400582237.82
0000000000f9_0055 1400582784.3 11,1,1,1,1 102.05,6.60,4.69,4.69,3.72
0000000000f9_00bc 1400582437.04 10,10,10,9 7.98,10.72,19.12,9.73
0000000000f9_0091 1400582487.31 1,8,1,1,7 4.82,19.32,5.11,4.85,17.39
0000000000f9_0093 1400582487.39 1,8,1,1,7 12.59,13.08,4.70,6.10,9.94
0000000000f9_0092 1400582437.12 10,10,8,6,3 100.07,91.36,20.20,7.08,4.88
0000000000f9_004d 1400582287.89 13,2,6,6,13 86.65,2.87,8.31,9.95,85.82
0000000000f9_0090 1400582337.38 10,10,6,1,7 87.38,82.15,6.21,5.28,10.49
0000000000f9_0091 1400582537.36 1,8,1,1,7 4.82,19.32,5.11,4.85,17.39
0000000000f9_0066 1400582784.04 15.82,89.20,8.90,5.01,3.18,6.75,3.47
0000000000f9_0093 1400582537.41 1,8,1,1,7 12.59,13.08,4.70,6.10,9.94
0000000000f9_0092 1400582487.17 10,10,8,6,3 100.07,91.36,20.20,8.17,4.88
0000000000f9_00bc 1400582487.09 10,10,10,9 7.98,10.72,19.12,9.73
0000000000f9_004d 1400582337.89 13,2,6,6,13 86.65,2.87,8.31,9.95,85.82
0000000000f9_0090 1400582387.42 10,10,6,1,7 87.38,82.15,6.21,5.28,10.49
0000000000f9_0091 1400582587.4 1,8,1,1,7 4.82,19.32,5.11,4.85,17.39
0000000000f9_0093 1400582587.46 1,8,1,1,7 12.59,13.08,4.70,6.10,9.94
0000000000f9_0092 1400582537.22 10,10,8,6,3 100.07,91.36,20.20,8.17,4.88
0000000000f9_003a 1400582386.66 11,11,2,2 103.34,97.47,13.23,16.39
0000000000f9_004d 1400582387.94 13,2,6,6,13 86.65,2.87,8.31,9.95,85.82
0000000000f9_0090 1400582437.47 10,10,6,1,7 87.38,82.15,8.53,4.97,12.48
0000000000f9_0091 1400582637.44 1,8,1,1,7 4.58,20.44,6.71,4.62,12.66
0000000000f9_0093 1400582637.47 1,8,1,1,7 12.59,9.21,4.82,4.93,15.14
0000000000f9_00bc 1400582537.14 10,10,10,9 7.98,10.72,19.12,9.73
0000000000f9_0092 1400582587.23 10,10,8,6,3 100.07,91.36,20.20,8.17,4.88
0000000000f9_0047 1400582287.33 11,11,13,7,11,11,3 86.23,86.56,92.68,13.05,89.67,87.28,6.07
0000000000f9_004d 1400582437.99 13,2,6,6,13 90.73,2.87,8.31,9.95,101.73
0000000000f9_0091 1400582687.49 1,8,1,1,7 4.58,20.44,6.71,4.62,12.66
0000000000f9_0090 1400582487.52 10,10,6,1,7 87.38,91.56,8.53,4.97,12.48
0000000000f9_0093 1400582687.5 1,8,1,1,7 12.59,9.21,4.82,4.93,15.14
0000000000f9_0092 1400582637.25 10,10,8,6,3 96.80,100.62,17.70,7.05,5.40
0000000000f9_004d 1400582488.03 13,2,6,6,13 90.73,2.87,8.31,9.95,101.73
0000000000f9_00bc 1400582587.19 10,10,10,9 7.98,10.72,19.12,9.73
0000000000f9_0047 1400582337.33 11,11,13,7,11,11,3 86.23,86.56,92.68,13.05,89.67,87.28,6.07
0000000000f9_0091 1400582737.52 1,8,1,1,7 4.58,20.44,6.71,4.62,12.66
0000000000f9_0093 1400582737.5 1,8,1,1,7 12.59,9.21,4.82,4.93,15.14
0000000000f9_0090 1400582537.55 10,10,6,1,7 87.38,91.56,8.53,4.97,12.48
0000000000f9_003a 1400582436.72 11,11,2,2 91.60,97.47,15.99,9.97
0000000000f9_0092 1400582687.3 10,10,8,6,3 96.80,100.62,17.70,7.05,5.40
0000000000f9_00bf 1400582237.93
0000000000f9_00bf 1400582287.98 13,13,2,6,6,6 84.67,85.82,2.74,5.07,4.94,6.63
0000000000f9_00bf 1400582338.0 13,13,2,6,6,6 84.67,85.82,2.74,5.07,4.94,6.63
0000000000f9_00bf 1400582388.05 13,13,2,6,6,6 84.67,85.82,2.74,5.07,4.94,6.63
0000000000f9_00bf 1400582438.09 13,13,2,6,6,6 84.67,85.82,3.14,5.07,5.15,5.72
0000000000f9_00bf 1400582488.14 13,13,2,6,6,6 84.67,89.60,3.14,4.96,5.15,5.72
0000000000f9_004d 1400582538.05 13,2,6,6,13 90.73,2.87,8.31,9.95,101.73
0000000000f9_0091 1400582787.53 1,8,1,1,7 4.58,20.44,6.71,4.62,15.86
0000000000f9_0093 1400582787.56 1,8,1,1,7 12.59,9.21,4.95,4.69,15.14
0000000000f9_0047 1400582387.38 11,11,13,7,11,11,3 86.23,86.56,92.68,13.05,89.67,87.28,6.07
0000000000f9_0090 1400582587.6 10,10,6,1,7 87.38,91.56,8.53,4.97,12.48
0000000000f9_00bc 1400582637.24 10,10,10,9 7.98,10.72,11.35,14.96
0000000000f9_0092 1400582737.33 10,10,8,6,3 96.80,100.62,17.70,7.05,5.40
0000000000f9_004d 1400582588.1 13,2,6,6,13 90.73,2.87,8.31,9.95,101.73
0000000000f9_0051 1400582238.05
0000000000f9_0090 1400582637.64 10,10,6,1,7 87.38,87.42,7.51,4.63,12.29
0000000000f9_00bf 1400582538.17 13,13,2,6,6,6 84.67,89.60,3.14,4.96,5.15,5.72
0000000000f9_00bf 1400582588.21 13,13,2,6,6,6 84.67,89.60,3.14,4.96,5.15,5.72
0000000000f9_00bf 1400582638.23 13,13,2,6,6,6 88.44,99.70,3.03,4.78,4.76,5.34
0000000000f9_00bf 1400582688.28 13,13,2,6,6,6 88.44,99.70,3.03,4.78,4.76,5.34
0000000000f9_00bf 1400582738.3 13,13,2,6,6,6 88.44,99.70,3.03,4.78,4.76,5.34
0000000000f9_00bf 1400582788.33 13,13,2,6,6,6 88.44,99.70,3.23,4.78,4.76,5.34
0000000000f9_0047 1400582437.43 11,11,13,7,11,11,3 86.23,86.56,92.68,13.05,93.67,97.48,5.44
0000000000f9_0092 1400582787.37 10,10,8,6,3 96.80,100.62,17.70,7.05,5.25
0000000000f9_004d 1400582638.12 13,2,6,6,13 87.16,2.87,8.31,9.95,91.45
0000000000f9_0050 1400582287.87 15,7,15,16,7 109.21,12.97,96.08,26.40,15.24
0000000000f9_00bc 1400582687.27 10,10,10,9 7.98,10.72,11.35,14.96
0000000000f9_003a 1400582486.77 11,11,2,2 91.60,87.83,15.99,9.97
0000000000f9_0090 1400582687.65 10,10,6,1,7 87.38,87.42,7.51,4.63,12.29
0000000000f9_0047 1400582487.48 11,11,13,7,11,11,3 100.63,93.30,96.90,13.05,93.67,97.48,5.44
0000000000f9_004d 1400582688.17 13,2,6,6,13 87.16,2.87,8.31,9.95,91.45
0000000000f9_0051 1400582288.08 8,10,13,6 90.21,92.59,19.39,11.04
0000000000f9_00bc 1400582737.32 10,10,10,9 7.98,10.72,11.35,14.96
0000000000f9_004d 1400582738.21 13,2,6,6,13 87.16,2.87,8.31,9.95,91.45
0000000000f9_0050 1400582337.93 15,7,15,16,7 109.21,12.97,96.08,26.40,15.24
0000000000f9_0047 1400582537.53 11,11,13,7,11,11,3 100.63,93.30,96.90,13.05,93.67,97.48,5.44
0000000000f9_0090 1400582737.7 10,10,6,1,7 87.38,87.42,7.51,4.63,12.29
0000000000f9_0051 1400582338.13 8,10,13,6 90.21,92.59,19.39,11.04
0000000000f9_004d 1400582788.26 13,2,6,6,13 87.16,2.87,8.31,9.95,89.94
0000000000f9_003a 1400582536.83 11,11,2,2 91.60,87.83,15.99,9.97
0000000000f9_0090 1400582787.74 10,10,6,1,7 87.38,87.42,6.93,4.63,12.29
0000000000f9_0047 1400582587.56 11,11,13,7,11,11,3 100.63,93.30,96.90,13.05,93.67,97.48,5.44
0000000000f9_00bc 1400582787.36 10,10,10,9 7.98,10.72,21.55,14.96
0000000000f9_0050 1400582387.98 15,7,15,16,7 109.21,12.97,96.08,26.40,15.24
0000000000f9_0051 1400582388.18 8,10,13,6 90.21,92.59,19.39,11.04
0000000000f9_0047 1400582637.59 11,11,13,7,11,11,3 86.51,89.29,96.88,13.05,102.52,92.40,6.12
0000000000f9_003a 1400582586.89 11,11,2,2 91.60,87.83,15.99,9.97
0000000000f9_0047 1400582687.63 11,11,13,7,11,11,3 86.51,89.29,96.88,13.05,102.52,92.40,6.12
0000000000f9_0050 1400582438.03 15,7,15,16,7 103.70,10.34,96.08,26.40,15.24
0000000000f9_0051 1400582438.23 8,10,13,6 90.85,95.63,22.92,19.66
0000000000f9_0047 1400582737.67 11,11,13,7,11,11,3 86.51,89.29,96.88,13.05,102.52,92.40,6.12
0000000000f9_0051 1400582488.28 8,10,13,6 90.85,95.63,22.92,19.66
0000000000f9_0047 1400582787.72 11,11,13,7,11,11,3 86.51,89.29,96.88,13.05,89.55,92.40,6.12
0000000000f9_0050 1400582488.08 15,7,15,16,7 103.70,10.34,97.68,26.96,15.24
0000000000f9_003a 1400582636.95 11,11,2,2 91.60,97.57,16.92,7.07
0000000000f9_0051 1400582538.31 8,10,13,6 90.85,95.63,22.92,19.66
0000000000f9_0050 1400582538.11 15,7,15,16,7 103.70,10.34,97.68,26.96,15.24
0000000000f9_003a 1400582687.0 11,11,2,2 91.60,97.57,16.92,7.07
0000000000f9_0051 1400582588.36 8,10,13,6 90.85,95.63,22.92,19.66
0000000000f9_0051 1400582638.41 8,10,13,6 93.13,92.79,21.92,20.15
0000000000f9_003a 1400582737.06 11,11,2,2 91.60,97.57,16.92,7.07
0000000000f9_0051 1400582688.45 8,10,13,6 93.13,92.79,21.92,20.15
0000000000f9_0051 1400582738.49 8,10,13,6 93.13,92.79,21.92,20.15
0000000000f9_003a 1400582787.12 11,11,2,2 91.60,97.57,16.92,7.07
0000000000f9_004f 1400582241.21
0000000000f9_0050 1400582588.16 15,7,15,16,7 103.70,10.34,97.68,26.96,15.24
0000000000f9_0050 1400582638.21 15,7,15,16,7 93.31,11.31,96.71,55.56,15.24
0000000000f9_0050 1400582688.24 15,7,15,16,7 93.31,11.31,96.71,55.56,15.24
0000000000f9_0051 1400582788.54 8,10,13,6 103.38,94.05,21.92,20.15
0000000000f9_0050 1400582738.29 15,7,15,16,7 93.31,11.31,96.71,55.56,15.24
0000000000f9_0050 1400582788.34 15,7,15,16,7 93.31,11.31,96.71,55.56,15.24
0000000000f9_0096 1400582283.93 4,4 8.31,7.94
0000000000f9_0096 1400582333.96 4,4 8.31,7.94
0000000000f9_0096 1400582384.01 4,4 8.31,7.94
0000000000f9_0096 1400582434.05 4,4,4 9.37,8.49,17.79
0000000000f9_0096 1400582484.1 4,4,4 9.37,8.49,17.79
0000000000f9_0096 1400582534.11 4,4,4 9.37,8.49,17.79
0000000000f9_0065 1400582283.66 11,4,4,1 88.96,8.31,17.48,4.52
0000000000f9_0096 1400582584.13 4,4,4 9.37,8.49,17.79
0000000000f9_0096 1400582634.18 4,4,4 9.37,7.35,171.23
0000000000f9_0096 1400582684.23 4,4,4 9.37,7.35,171.23
0000000000f9_0096 1400582734.25 4,4,4 9.37,7.35,171.23
0000000000f9_0065 1400582333.71 11,4,4,1 88.96,8.31,17.48,4.52
0000000000f9_0096 1400582784.3 4,4,4 9.37,7.35,171.23
0000000000f9_0065 1400582383.76 11,4,4,1 88.96,8.31,17.48,4.52
0000000000f9_0065 1400582433.81 11,2,4,4,1 87.79,19.44,8.31,8.47,4.52
0000000000f9_0065 1400582483.86 11,2,4,4,1 87.79,19.44,8.31,8.47,4.13
0000000000f9_0065 1400582533.87 11,2,4,4,1 87.79,19.44,8.31,8.47,4.13
0000000000f9_0065 1400582583.87 11,2,4,4,1 87.79,19.44,8.31,8.47,4.13
0000000000f9_0065 1400582633.93 11,2,4,4,1 87.79,10.23,8.77,132.53,3.56
0000000000f9_0065 1400582683.98 11,2,4,4,1 87.79,10.23,8.77,132.53,3.56
0000000000f9_0079 1400582287.1 4,4,4,4 41.32,28.66,100.55,79.47
0000000000f9_0065 1400582734.03 11,2,4,4,1 87.79,10.23,8.77,132.53,3.56
0000000000f9_0065 1400582784.08 11,2,4,4,1 87.79,10.23,9.02,132.53,3.56
0000000000f9_0079 1400582337.16 4,4,4,4 41.32,28.66,100.55,79.47
0000000000f9_0079 1400582387.22 4,4,4,4 41.32,28.66,100.55,79.47
0000000000f9_0079 1400582437.27 4,4,4,4 42.78,28.66,100.55,79.47
0000000000f9_0079 1400582487.33 4,4,4,4 42.78,40.72,39.16,61.34
0000000000f9_0079 1400582537.39 4,4,4,4 42.78,40.72,39.16,61.34
0000000000f9_0079 1400582587.45 4,4,4,4 42.78,40.72,39.16,61.34
0000000000f9_0079 1400582637.51 4,4,4,4 47.54,70.34,39.16,61.34
0000000000f9_0079 1400582687.56 4,4,4,4 47.54,70.34,72.72,50.93
0000000000f9_0079 1400582737.62 4,4,4,4 47.54,70.34,72.72,50.93
0000000000f9_0079 1400582787.68 4,4,4,4 47.54,70.34,72.72,50.93
0000000000f9_00a3 1400582283.36 1,13,1,1,1 3.17,5.67,1.83,1.47,2.63
0000000000f9_00a3 1400582333.4 1,13,1,1,1 3.17,5.67,1.83,1.47,2.63
0000000000f9_00a3 1400582383.44 1,13,1,1,1 3.17,5.67,1.83,1.47,2.63
0000000000f9_00a3 1400582433.49 1,1,13,1,1,1 3.17,3.77,7.09,1.83,1.47,2.04
0000000000f9_00a3 1400582483.54 1,1,13,1,1,1 3.17,3.77,7.09,1.83,1.47,2.04
0000000000f9_00a3 1400582533.55 1,1,13,1,1,1 3.17,3.77,7.09,1.83,1.47,2.04
0000000000f9_00a3 1400582583.58 1,1,13,1,1,1 3.17,3.77,7.09,1.83,1.47,2.04
0000000000f9_00a3 1400582633.62 1,1,13,1,1,1 3.30,3.51,9.48,1.83,1.47,1.88
0000000000f9_00a3 1400582683.67 1,1,13,1,1,1 3.30,3.51,9.48,1.83,1.47,1.88
0000000000f9_00a3 1400582733.71 1,1,13,1,1,1 3.30,3.51,9.48,1.83,1.47,1.88
0000000000f9_00a3 1400582783.74 1,1,13,1,1,1 3.30,3.51,9.48,1.83,1.47,2.08
0000000000f9_00b0 1400582266.49
0000000000f9_00b0 1400582316.54
0000000000f9_00b0 1400582366.57
0000000000f9_00b0 1400582416.61
0000000000f9_00b0 1400582466.67
0000000000f9_00b0 1400582516.72
0000000000f9_00b0 1400582566.77
0000000000f9_00b0 1400582616.81
0000000000f9_00b0 1400582666.86 9 147.72
0000000000f9_00b0 1400582716.92 9 147.72
0000000000f9_00b0 1400582766.96 9 147.72
0000000000f9_00b0 1400582817.01 9 147.72
0000000000f9_004f 1400582291.26 5,5,11,10,11 87.44,16.22,85.00,22.78,12.05
0000000000f9_004f 1400582341.27 5,5,11,10,11 87.44,16.22,85.00,22.78,12.05
0000000000f9_004f 1400582391.27 5,5,11,10,11 87.44,16.22,85.00,22.78,12.05
0000000000f9_004f 1400582441.32 5,5,11,10,11 87.44,12.45,91.38,17.93,38.09
0000000000f9_004f 1400582491.37 5,5,11,10,11 87.44,12.45,91.38,17.93,38.09
0000000000f9_004f 1400582541.37 5,5,11,10,11 87.44,12.45,91.38,17.93,38.09
0000000000f9_004f 1400582591.42 5,5,11,10,11 87.44,12.45,91.38,17.93,38.09
0000000000f9_004f 1400582641.47 5,5,11,10,11 87.44,9.15,92.70,14.59,27.11
0000000000f9_004f 1400582691.52 5,5,11,10,11 87.44,9.15,92.70,14.59,27.11
0000000000f9_004f 1400582741.53 5,5,11,10,11 87.44,9.15,92.70,14.59,27.11
0000000000f9_004f 1400582791.54 5,5,11,10,11 87.44,9.15,92.70,21.97,13.18
0000000000f9_0052 1400582233.39
0000000000f9_003f 1400582235.02
0000000000f9_0007 1400582282.68 4,4,4,19,4 8.30,6.93,5.32,6.83,7.53
0000000000f9_0007 1400582332.73 4,4,4,19,4 8.30,6.93,5.32,6.83,7.53
0000000000f9_0007 1400582382.74 4,4,4,19,4 8.30,6.93,5.32,6.83,7.53
0000000000f9_0007 1400582432.77 4,4,4,19,4 6.52,6.93,5.32,45.37,5.80
0000000000f9_0007 1400582482.78 4,4,4,19,4 6.52,19.84,9.69,45.37,5.80
0000000000f9_0007 1400582532.83 4,4,4,19,4 6.52,19.84,9.69,45.37,5.80
0000000000f9_0007 1400582582.87 4,4,4,19,4 6.52,19.84,9.69,45.37,5.80
0000000000f9_0007 1400582632.91 4,4,4,19,4 5.47,353.20,6.86,24.35,13.19
0000000000f9_0007 1400582682.92 4,4,4,19,4 5.47,353.20,6.86,24.35,13.19
0000000000f9_0007 1400582732.97 4,4,4,19,4 5.47,353.20,6.86,24.35,13.19
0000000000f9_0007 1400582783.02 4,4,4,19,4 5.47,353.20,6.86,31.56,13.19
0000000000f9_0052 1400582283.39 4,4,4,4 7.19,8.14,16.19,8.27
0000000000f9_0052 1400582333.44 4,4,4,4 7.19,8.14,16.19,8.27
0000000000f9_0052 1400582383.49 4,4,4,4 7.19,8.14,16.19,8.27
0000000000f9_0052 1400582433.51 4,4,4,4 7.19,6.10,7.89,8.27
0000000000f9_0052 1400582483.56 4,4,4,4 7.19,6.10,7.89,6.56
0000000000f9_0052 1400582533.61 4,4,4,4 7.19,6.10,7.89,6.56
0000000000f9_0052 1400582583.66 4,4,4,4 7.19,6.10,7.89,6.56
0000000000f9_0052 1400582633.72 4,4,4,4 7.19,6.37,9.19,6.77
0000000000f9_0052 1400582683.77 4,4,4,4 7.19,6.37,9.19,6.77
0000000000f9_0052 1400582733.81 4,4,4,4 7.19,6.37,9.19,6.77
0000000000f9_0052 1400582783.87 4,4,4,4 7.19,6.37,9.19,6.77
0000000000f9_007f 1400588226.11
0000000000f9_007f 1400588276.16
0000000000f9_007f 1400588326.21
0000000000f9_007f 1400588376.26
0000000000f9_007f 1400588426.31
0000000000f9_003f 1400582285.07 4,3,5,4,4,4,4 9.15,41.31,19.88,14.52,7.83,21.94,9.31
0000000000f9_003f 1400582335.11 4,3,5,4,4,4,4 9.15,41.31,19.88,14.52,7.83,21.94,9.31
0000000000f9_003f 1400582385.14 4,3,5,4,4,4,4 9.15,41.31,19.88,14.52,7.83,21.94,9.31
0000000000f9_003f 1400582435.19 4,3,5,4,4,4,4 7.93,41.31,19.88,14.52,6.94,32.88,36.34
0000000000f9_003f 1400582485.24 4,3,5,4,4,4,4 7.93,41.31,43.82,8.48,6.94,32.88,36.34
0000000000f9_003f 1400582535.29 4,3,5,4,4,4,4 7.93,41.31,43.82,8.48,6.94,32.88,36.34
0000000000f9_003f 1400582585.34 4,3,5,4,4,4,4 7.93,41.31,43.82,8.48,6.94,32.88,36.34
0000000000f9_003f 1400582635.35 4,3,5,4,4,4,4 113.43,41.31,33.79,7.31,111.58,26.98,135.57
0000000000f9_003f 1400582685.36 4,3,5,4,4,4,4 113.43,41.31,33.79,7.31,111.58,26.98,135.57
0000000000f9_003f 1400582735.41 4,3,5,4,4,4,4 113.43,41.31,33.79,7.31,111.58,26.98,135.57
0000000000f9_003f 1400582785.46 4,3,5,4,4,4,4 113.43,41.31,33.79,7.31,8.88,36.44,135.57
0000000000f9_00c6 1400583041.81
0000000000f9_00c6 1400583091.86
0000000000f9_00c6 1400583141.89
0000000000f9_00c6 1400583191.93
0000000000f9_00c6 1400583241.98
0000000000f9_00c6 1400583292.04
0000000000f9_00c6 1400583342.04
0000000000f9_00c6 1400583392.09
0000000000f9_00c6 1400583442.14
0000000000f9_00c6 1400583492.19
0000000000f9_00c6 1400583542.24
0000000000f9_00c6 1400583592.29
0000000000f9_00c6 1400583642.34
0000000000f9_00c6 1400583692.36
0000000000f9_00c6 1400583742.41
0000000000f9_00c6 1400583792.46
0000000000f9_00c6 1400583842.49
0000000000f9_00c6 1400583892.54
0000000000f9_00c6 1400583942.59
0000000000f9_00c6 1400583992.64
0000000000f9_00c6 1400584042.7
0000000000f9_00c6 1400584092.75
0000000000f9_00c6 1400584142.8
0000000000f9_00c6 1400584192.84
0000000000f9_00c6 1400584242.9
0000000000f9_00c6 1400584292.95
0000000000f9_00c6 1400584343.0
0000000000f9_00c6 1400584393.05
0000000000f9_00c6 1400584443.09
0000000000f9_00c6 1400584493.15
0000000000f9_00c6 1400584543.17
0000000000f9_007f 1400588476.36
0000000000f9_007f 1400588526.41
0000000000f9_007f 1400588576.45
0000000000f9_007f 1400588626.5
0000000000f9_007f 1400588676.54
0000000000f9_007f 1400588726.59
0000000000f9_007f 1400588776.64
0000000000f9_007f 1400588826.69
0000000000f9_007f 1400588876.74
0000000000f9_007f 1400588926.77
0000000000f9_007f 1400588976.82
0000000000f9_007f 1400589026.87
