0000000000f9_00a7 1400578030.91
0000000000f9_00a7 1400578080.95
0000000000f9_00a7 1400578130.99
0000000000f9_00a7 1400578181.0
0000000000f9_00a7 1400578231.04 1 3.20
0000000000f9_00a7 1400578281.08 1 3.20
0000000000f9_00a7 1400578331.12 1 3.20
0000000000f9_0058 1400578031.71
0000000000f9_00a7 1400578381.17 1 3.20
0000000000f9_00a5 1400578030.88
0000000000f9_008c 1400578038.46
0000000000f9_00a7 1400578431.21 1 5.28
0000000000f9_0082 1400578031.51
0000000000f9_0057 1400578031.6
0000000000f9_0055 1400578031.61
0000000000f9_00a7 1400578481.25 1 5.28
0000000000f9_00a7 1400578531.26 1 5.28
0000000000f9_0068 1400578031.45
0000000000f9_0066 1400578039.4
0000000000f9_00a7 1400578581.29 1 3.18
0000000000f9_00a9 1400578031.63
0000000000f9_00a7 1400578631.31 1 3.18
0000000000f9_0076 1400578031.54
0000000000f9_00a7 1400578681.34 1 3.18
0000000000f9_00a6 1400578032.44
0000000000f9_00a5 1400578080.9 2,1,1,1,1 4.15,3.60,2.94,2.10,2.26
0000000000f9_00a4 1400578031.37
0000000000f9_00a7 1400578731.39 1 4.47
0000000000f9_0056 1400578031.91
0000000000f9_00a3 1400578033.3
0000000000f9_00a7 1400578781.44 1 4.47
0000000000f9_00a5 1400578130.94 2,1,1,1,1 4.15,3.60,2.94,2.10,2.26
0000000000f9_0068 1400578081.49 499.94,5.54,3.30,4.19
0000000000f9_0057 1400578081.65 1,2,1,1,1 3.94,4.46,8.50,3.53,3.53
0000000000f9_00a7 1400578831.48 1 4.47
0000000000f9_0052 1400578033.05
0000000000f9_001c 1400578032.12
0000000000f9_00a7 1400578881.49 1 2.84
0000000000f9_003f 1400578033.41
0000000000f9_00ab 1400578034.59
0000000000f9_0066 1400578089.45 89.03,11.19,84.84,12.47,3.97,6.27
0000000000f9_00a7 1400578931.53 1 2.84
0000000000f9_00a5 1400578180.99 2,1,1,1,1 4.15,3.60,2.94,2.10,2.26
0000000000f9_00a7 1400578981.57 1 2.84
0000000000f9_0065 1400578031.41
0000000000f9_0068 1400578131.54 499.94,5.54,3.30,4.19
0000000000f9_0057 1400578131.69 1,2,1,1,1 3.94,4.46,8.50,3.53,3.53
0000000000f9_00a6 1400578082.49 1,1,1,1 2.30,1.69,2.05,1.88
0000000000f9_0066 1400578139.5 89.03,11.19,84.84,12.47,3.97,6.27
0000000000f9_00a8 1400578034.24
0000000000f9_0068 1400578181.57 499.94,5.54,3.30,4.19
0000000000f9_00a5 1400578231.04 2,1,1,1,1 4.15,3.60,3.08,1.56,1.67
0000000000f9_0057 1400578181.73 1,2,1,1,1 3.94,4.46,8.50,3.53,3.53
0000000000f9_00a9 1400578081.67 2,1,1,1,1,1 4.78,2.89,2.18,3.68,1.57,7.68
0000000000f9_0066 1400578189.51 89.03,11.19,84.84,12.47,3.97,6.27
0000000000f9_0068 1400578231.62 11.42,5.54,3.20,4.19
0000000000f9_00ab 1400578084.64 4,1,1,1 4.27,5.10,4.09,1.28
0000000000f9_00a9 1400578131.72 2,1,1,1,1,1 4.78,2.89,2.18,3.68,1.57,7.68
0000000000f9_00aa 1400578035.36
0000000000f9_00a6 1400578132.54 1,1,1,1 2.30,1.69,2.05,1.88
0000000000f9_00ab 1400578134.69 4,1,1,1 4.27,5.10,4.09,1.28
0000000000f9_00a9 1400578181.75 2,1,1,1,1,1 4.78,2.89,2.18,3.68,1.57,7.68
0000000000f9_0079 1400578034.98
0000000000f9_0057 1400578231.78 2,1,2,1,1,1 8.56,3.94,4.46,3.96,3.23,3.53
0000000000f9_0066 1400578239.56 82.20,11.19,84.84,3.17,3.16,2.93
0000000000f9_0058 1400578081.77 10,3,4,1,1 87.66,86.48,10.64,5.26,6.75
0000000000f9_00a6 1400578182.58 1,1,1,1 2.30,1.69,2.05,1.88
0000000000f9_0068 1400578281.67 11.42,5.54,3.20,4.12
0000000000f9_0055 1400578081.66 1,11,4,1,1 4.90,86.01,112.67,4.60,4.17
0000000000f9_00ab 1400578184.69 4,1,1,1 4.27,5.10,4.09,1.28
0000000000f9_00a9 1400578231.8 2,1,1,1,1,1 4.78,1.32,2.01,3.68,1.57,7.68
0000000000f9_003a 1400578032.77
0000000000f9_00ab 1400578234.71 4,1,1,1 4.27,3.35,4.09,1.62
0000000000f9_0076 1400578081.59 1,2,4,1,4,1,1 4.30,9.59,133.41,5.08,41.34,11.24,5.92
0000000000f9_00a6 1400578232.61 1,1,1,1 2.30,1.82,1.61,1.66
0000000000f9_00a9 1400578281.83 2,1,1,1,1,1 4.78,1.32,2.01,3.45,1.57,3.39
0000000000f9_0068 1400578331.71 11.42,5.54,3.20,4.12
0000000000f9_0055 1400578131.69 1,11,4,1,1 4.90,86.01,112.67,4.60,4.17
0000000000f9_0058 1400578131.81 10,3,4,1,1 87.66,86.48,10.64,5.26,6.75
0000000000f9_0066 1400578289.61 82.20,11.19,82.36,3.17,3.16,2.93
0000000000f9_00ab 1400578284.75 4,1,1,1 4.27,3.35,4.09,1.62
0000000000f9_00aa 1400578085.41 4,1,1,1,1,1 24.42,3.34,2.04,3.40,1.42,2.15
0000000000f9_00a6 1400578282.62 1,1,1,1 1.85,1.82,1.61,1.66
0000000000f9_00ab 1400578334.79 4,1,1,1 4.27,3.35,4.09,1.62
0000000000f9_00a9 1400578331.88 2,1,1,1,1,1 4.78,1.32,2.01,3.45,1.57,3.39
0000000000f9_0065 1400578081.46 1,8,1,1,1,1 5.64,89.65,6.69,6.88,5.70,4.94
0000000000f9_0068 1400578381.76 11.42,5.54,3.20,4.12
0000000000f9_00a6 1400578332.67 1,1,1,1 1.85,1.82,1.61,1.66
0000000000f9_0055 1400578181.74 1,11,4,1,1 4.90,86.01,112.67,4.60,4.17
0000000000f9_00ab 1400578384.79 4,1,1,1 4.27,3.35,4.09,1.62
0000000000f9_00a5 1400578281.09 2,1,1,1,1 3.85,2.92,3.08,1.56,1.67
0000000000f9_00a5 1400578331.14 2,1,1,1,1 3.85,2.92,3.08,1.56,1.67
0000000000f9_00a5 1400578381.19 2,1,1,1,1 3.85,2.92,3.08,1.56,1.67
0000000000f9_00a5 1400578431.23 2,1,1,1,1 3.79,2.96,2.92,1.71,1.74
0000000000f9_00aa 1400578135.44 4,1,1,1,1,1 24.42,3.34,2.04,3.40,1.42,2.15
0000000000f9_00a9 1400578381.93 2,1,1,1,1,1 4.78,1.32,2.01,3.45,1.57,3.39
0000000000f9_0058 1400578181.87 10,3,4,1,1 87.66,86.48,10.64,5.26,6.75
0000000000f9_0066 1400578339.65 82.20,11.19,82.36,3.17,3.16,2.93
0000000000f9_0076 1400578131.64 1,2,4,1,4,1,1 4.30,9.59,133.41,5.08,41.34,11.24,5.92
0000000000f9_00ab 1400578434.84 4,1,1,1 4.27,3.33,4.09,1.86
0000000000f9_00a6 1400578382.72 1,1,1,1 1.85,1.82,1.61,1.66
0000000000f9_00a4 1400578081.42 1,1,11,4,4,1 4.74,3.30,83.45,32.03,5.04,1.46
0000000000f9_0068 1400578431.81 6.83,5.54,3.11,3.37
0000000000f9_0065 1400578131.51 1,8,1,1,1,1 5.64,89.65,6.69,6.88,5.70,4.94
0000000000f9_00a9 1400578431.98 2,1,1,1,1,1 4.78,2.52,2.38,3.76,1.57,3.91
0000000000f9_00aa 1400578185.48 4,1,1,1,1,1 24.42,3.34,2.04,3.40,1.42,2.15
0000000000f9_0057 1400578281.84 5,2,1,2,1,1,1 80.31,8.56,3.94,4.46,3.96,3.23,3.15
0000000000f9_0055 1400578231.79 1,11,4,1,1 4.90,86.01,106.79,3.22,3.40
0000000000f9_00ab 1400578484.89 4,1,1,1 4.27,3.33,4.09,1.86
0000000000f9_00a6 1400578432.75 1,1,1,1 1.80,1.83,2.42,1.72
0000000000f9_00a5 1400578481.25 2,1,1,1,1 3.79,2.96,2.92,1.71,1.74
0000000000f9_0079 1400578085.04 4 36.63
0000000000f9_00a3 1400578083.39 11,11,1,1,1 86.24,86.19,2.21,1.48,2.62
0000000000f9_00a4 1400578131.47 1,1,11,4,4,1 4.74,3.30,83.45,32.03,5.04,1.46
0000000000f9_0058 1400578231.91 10,3,4,1,1 84.69,79.85,6.13,5.26,6.75
0000000000f9_0056 1400578081.96 1,1,13,4,1,1 5.23,6.84,90.59,160.69,5.97,4.81
0000000000f9_0066 1400578389.69 82.20,11.19,82.36,3.17,3.16,2.93
0000000000f9_00a6 1400578482.77 1,1,1,1 1.80,1.83,2.42,1.72
0000000000f9_00a9 1400578482.03 2,1,1,1,1,1 4.78,2.52,2.38,3.76,1.57,3.91
0000000000f9_00ab 1400578534.92 4,1,1,1 4.27,3.33,4.09,1.86
0000000000f9_00aa 1400578235.53 4,1,1,1,1,1 24.42,3.34,2.04,2.97,3.08,1.79
0000000000f9_0068 1400578481.86 6.83,5.54,3.11,3.37
0000000000f9_00a5 1400578531.3 2,1,1,1,1 3.79,2.96,2.92,1.71,1.74
0000000000f9_00a6 1400578532.78 1,1,1,1 1.80,1.83,2.42,1.72
0000000000f9_00a3 1400578133.43 11,11,1,1,1 86.24,86.19,2.21,1.48,2.62
0000000000f9_00ab 1400578584.97 4,1,1,1 4.27,3.10,4.09,1.86
0000000000f9_0055 1400578281.84 1,11,4,1,1 4.90,85.15,106.79,3.22,3.40
0000000000f9_0065 1400578181.56 1,8,1,1,1,1 5.64,89.65,6.69,6.88,5.70,4.94
0000000000f9_00a4 1400578181.49 1,1,11,4,4,1 4.74,3.30,83.45,32.03,5.04,1.46
0000000000f9_00aa 1400578285.58 4,1,1,1,1,1 24.42,2.95,1.92,2.97,3.08,1.79
0000000000f9_00a9 1400578532.05 2,1,1,1,1,1 4.78,2.52,2.38,3.76,1.57,3.91
0000000000f9_0083 1400578033.53
0000000000f9_0076 1400578181.66 1,2,4,1,4,1,1 4.30,9.59,133.41,5.08,41.34,11.24,5.92
0000000000f9_00a6 1400578582.79 1,1,1,1 1.80,1.61,2.42,1.72
0000000000f9_00ab 1400578635.01 4,1,1,1 4.27,3.10,4.09,1.81
0000000000f9_0057 1400578331.89 5,2,1,2,1,1,1 80.31,8.56,3.94,4.46,3.96,3.23,3.15
0000000000f9_0083 1400578083.58
0000000000f9_00a3 1400578183.44 11,11,1,1,1 86.24,86.19,2.21,1.48,2.62
0000000000f9_0058 1400578281.97 10,3,4,1,1 84.69,79.85,6.13,4.54,3.62
0000000000f9_0066 1400578439.74 82.71,11.19,82.06,8.29,5.63,3.05
0000000000f9_00aa 1400578335.63 4,1,1,1,1,1 24.42,2.95,1.92,2.97,3.08,1.79
0000000000f9_0068 1400578531.9 6.83,5.54,3.11,3.37
0000000000f9_00a4 1400578231.54 1,1,11,4,4,1 4.47,3.30,83.45,32.03,4.86,2.26
0000000000f9_0079 1400578135.1 4 36.63
0000000000f9_00ab 1400578685.06 4,1,1,1 4.27,3.10,4.09,1.81
0000000000f9_00a6 1400578632.84 1,1,1,1 1.66,1.61,1.78,1.89
0000000000f9_0055 1400578331.89 1,11,4,1,1 4.90,85.15,106.79,3.22,3.40
0000000000f9_00a9 1400578582.1 2,1,1,1,1,1 4.78,2.52,2.38,3.76,1.57,3.91
0000000000f9_0083 1400578133.61
0000000000f9_00a5 1400578581.3 2,1,1,1,1 3.79,2.96,3.52,1.71,1.74
0000000000f9_00a3 1400578233.47 11,11,1,1,1 81.51,86.19,2.21,1.71,1.68
0000000000f9_00ab 1400578735.11 4,1,1,1 4.27,3.10,4.09,1.81
0000000000f9_00a6 1400578682.86 1,1,1,1 1.66,1.61,1.78,1.89
0000000000f9_0056 1400578131.97 1,1,13,4,1,1 5.23,6.84,90.59,160.69,5.97,4.81
0000000000f9_00aa 1400578385.68 4,1,1,1,1,1 24.42,2.95,1.92,2.97,3.08,1.79
0000000000f9_0083 1400578183.66
0000000000f9_00a4 1400578281.59 1,1,11,4,4,1 4.47,3.38,83.52,32.03,4.86,2.26
0000000000f9_00a9 1400578632.13 2,1,1,1,1,1 4.78,1.88,1.63,2.98,1.57,3.64
0000000000f9_0068 1400578581.92 6.83,5.54,3.11,3.37
0000000000f9_00a5 1400578631.35 2,1,1,1,1 4.52,2.76,3.52,1.90,2.06
0000000000f9_0058 1400578332.02 10,3,4,1,1 84.69,79.85,6.13,4.54,3.62
0000000000f9_0083 1400578233.72
0000000000f9_00a3 1400578283.5 11,11,1,1,1 81.51,86.19,2.21,1.71,1.68
0000000000f9_00a6 1400578732.89 1,1,1,1 1.66,1.61,1.78,1.89
0000000000f9_00ab 1400578785.15 4,1,1,1 4.27,3.25,4.09,1.75
0000000000f9_0066 1400578489.8 82.71,11.19,82.06,8.29,5.63,3.05
0000000000f9_00aa 1400578435.72 4,1,1,1,1,1 24.42,4.35,2.45,4.58,2.90,3.52
0000000000f9_0055 1400578381.95 1,11,4,1,1 4.90,85.15,106.79,3.22,3.40
0000000000f9_0057 1400578381.94 5,2,1,2,1,1,1 80.31,8.56,3.94,4.46,3.96,3.23,3.15
0000000000f9_00a4 1400578331.64 1,1,11,4,4,1 4.47,3.38,83.52,32.03,4.86,2.26
0000000000f9_0083 1400578283.76
0000000000f9_00a8 1400578084.28 8,11,1,1,1,1 89.95,89.93,4.12,2.22,1.49,1.43
0000000000f9_0076 1400578231.71 1,2,4,1,4,1,1 4.30,9.59,7.35,3.64,17.64,11.24,5.92
0000000000f9_00a9 1400578682.17 2,1,1,1,1,1 4.78,1.88,1.63,2.98,1.57,3.64
0000000000f9_00ab 1400578835.19 4,1,1,1 4.27,3.25,4.09,1.75
0000000000f9_00a6 1400578782.94 1,1,1,1 2.20,1.74,1.83,1.68
0000000000f9_0079 1400578185.15 4 36.63
0000000000f9_00a3 1400578333.54 11,11,1,1,1 81.51,86.19,2.21,1.71,1.68
0000000000f9_00ca 1400578034.05
0000000000f9_0083 1400578333.81
0000000000f9_003a 1400578082.83 2,2,1,2,2,2 8.12,12.57,48.71,8.25,46.51,7.43
0000000000f9_00ca 1400578084.1
0000000000f9_00aa 1400578485.77 4,1,1,1,1,1 24.42,4.35,2.45,4.58,2.90,3.52
0000000000f9_0068 1400578631.95 8.91,5.54,3.40,3.27
0000000000f9_00ca 1400578134.14
0000000000f9_00a6 1400578832.99 1,1,1,1 2.20,1.74,1.83,1.68
0000000000f9_00a9 1400578732.22 2,1,1,1,1,1 4.78,1.88,1.63,2.98,1.57,3.64
0000000000f9_00ab 1400578885.24 4,1,1,1 4.27,3.25,4.09,1.75
0000000000f9_00ca 1400578184.19
0000000000f9_00a4 1400578381.64 1,1,11,4,4,1 4.47,3.38,83.52,32.03,4.86,2.26
0000000000f9_0058 1400578382.06 10,3,4,1,1 84.69,79.85,6.13,4.54,3.62
0000000000f9_0055 1400578431.99 1,11,4,1,1 4.90,84.42,12.62,3.29,3.48
0000000000f9_00ca 1400578234.2
0000000000f9_0083 1400578383.86
0000000000f9_00a3 1400578383.58 11,11,1,1,1 81.51,86.19,2.21,1.71,1.68
0000000000f9_0066 1400578539.82 82.71,11.19,82.06,8.29,5.63,3.05
0000000000f9_00a8 1400578134.31 8,11,1,1,1,1 89.95,89.93,4.12,2.22,1.49,1.43
0000000000f9_00ca 1400578284.23
0000000000f9_00aa 1400578535.82 4,1,1,1,1,1 24.42,4.35,2.45,4.58,2.90,3.52
0000000000f9_00a6 1400578883.04 1,1,1,1 2.20,1.74,1.83,1.68
0000000000f9_00a5 1400578681.39 2,1,1,1,1 4.52,2.76,3.52,1.90,2.06
0000000000f9_0056 1400578181.98 1,1,13,4,1,1 5.23,6.84,90.59,160.69,5.97,4.81
0000000000f9_00a9 1400578782.27 2,1,1,1,1,1 4.78,1.82,2.00,3.07,1.57,3.64
0000000000f9_0083 1400578433.91
0000000000f9_00a3 1400578433.62 11,11,1,1,1 80.83,86.19,6.18,3.06,1.77
0000000000f9_0057 1400578431.99 5,2,1,2,1,1,1 80.05,8.67,3.94,4.46,4.02,3.18,3.23
0000000000f9_00ca 1400578334.28
0000000000f9_00ca 1400578384.33
0000000000f9_00ca 1400578434.38
0000000000f9_00a4 1400578431.68 1,1,11,4,4,1 4.51,3.31,83.18,32.03,11.84,1.80
0000000000f9_0068 1400578682.0 8.91,5.54,3.40,3.27
0000000000f9_00ab 1400578935.29 4,1,1,1 4.27,3.25,4.09,1.75
0000000000f9_00ca 1400578484.43
0000000000f9_00a8 1400578184.33 8,11,1,1,1,1 89.95,89.93,4.12,2.22,1.49,1.43
0000000000f9_0083 1400578483.96
0000000000f9_00a6 1400578933.08 1,1,1,1 2.20,1.74,1.83,1.68
0000000000f9_00aa 1400578585.83 4,1,1,1,1,1 24.42,4.35,2.45,2.94,2.90,3.52
0000000000f9_00ca 1400578534.48
0000000000f9_00ca 1400578584.48
0000000000f9_0055 1400578482.03 1,11,4,1,1 4.90,84.42,12.62,3.29,3.48
0000000000f9_00a9 1400578832.31 2,1,1,1,1,1 4.78,1.82,2.00,3.07,1.57,3.18
0000000000f9_00ca 1400578634.53
0000000000f9_00a3 1400578483.64 11,11,1,1,1 80.83,86.19,6.18,3.06,1.77
0000000000f9_0058 1400578432.11 10,3,4,1,1 89.60,80.14,7.13,4.54,4.99
0000000000f9_0083 1400578534.01
0000000000f9_00ca 1400578684.54
0000000000f9_00a4 1400578481.73 1,1,11,4,4,1 4.51,3.31,83.18,32.03,11.84,1.80
0000000000f9_0066 1400578589.84 82.71,11.19,82.06,3.08,3.22,3.05
0000000000f9_00a6 1400578983.09 1,1,1,1 1.54,1.75,1.81,1.82
0000000000f9_00ca 1400578734.58
0000000000f9_00aa 1400578635.87 4,1,1,1,1,1 24.42,3.50,1.87,2.94,2.48,1.91
0000000000f9_00ab 1400578985.34 4,1,1,1 4.27,3.38,4.09,1.76
0000000000f9_0083 1400578584.06
0000000000f9_00ca 1400578784.62
0000000000f9_00a9 1400578882.36 2,1,1,1,1,1 4.78,1.82,2.00,3.07,1.57,3.18
0000000000f9_00a8 1400578234.38 1,8,11,1,1,1,1 4.88,89.95,89.93,4.12,1.92,1.87,1.43
0000000000f9_0068 1400578732.05 8.91,5.54,3.40,3.27
0000000000f9_0065 1400578231.61 1,8,11,1,1,1,1 3.94,83.55,95.95,6.69,6.88,5.70,4.94
0000000000f9_00a3 1400578533.67 11,11,1,1,1 80.83,86.19,6.18,3.06,1.77
0000000000f9_00ca 1400578834.67
0000000000f9_00ca 1400578884.68
0000000000f9_00ca 1400578934.72
0000000000f9_00a4 1400578531.74 1,1,11,4,4,1 4.51,3.31,83.18,32.03,11.84,1.80
0000000000f9_00aa 1400578685.92 4,1,1,1,1,1 24.42,3.50,1.87,2.94,2.48,1.91
0000000000f9_0055 1400578532.07 1,11,4,1,1 4.90,84.42,12.62,3.29,3.48
0000000000f9_0083 1400578634.07
0000000000f9_00a5 1400578731.4 2,1,1,1,1 4.52,2.76,3.52,1.90,2.06
0000000000f9_00ca 1400578984.75
0000000000f9_0057 1400578482.04 5,2,1,2,1,1,1 80.05,8.67,3.94,4.46,4.02,3.18,3.23
0000000000f9_00a9 1400578932.39 2,1,1,1,1,1 4.78,1.82,2.00,3.07,1.57,3.18
0000000000f9_00a3 1400578583.7 11,11,1,1,1 80.83,86.19,1.43,3.06,1.77
0000000000f9_00a8 1400578284.43 1,8,11,1,1,1,1 4.88,89.95,109.74,4.12,1.92,1.87,1.83
0000000000f9_0056 1400578231.99 1,1,13,4,1,1 5.23,5.64,86.90,160.69,5.97,4.81
0000000000f9_0058 1400578482.15 10,3,4,1,1 89.60,80.14,7.13,4.54,4.99
0000000000f9_0079 1400578235.21 4,4 51.07,52.95
0000000000f9_0083 1400578684.12
0000000000f9_0066 1400578639.89 83.13,11.19,82.74,3.08,3.22,2.96
0000000000f9_00aa 1400578735.94 4,1,1,1,1,1 24.42,3.50,1.87,2.94,2.48,1.91
0000000000f9_0068 1400578782.1 13.67,5.54,3.07,3.26
0000000000f9_00a4 1400578581.79 1,1,11,4,4,1 4.51,3.31,83.18,32.03,10.93,1.80
0000000000f9_00a3 1400578633.74 11,11,1,1,1 81.43,86.19,1.43,2.60,1.82
0000000000f9_00a9 1400578982.43 2,1,1,1,1,1 4.78,1.72,1.85,3.63,1.57,3.20
0000000000f9_00a8 1400578334.45 1,8,11,1,1,1,1 4.88,89.95,109.74,4.12,1.92,1.87,1.83
0000000000f9_0076 1400578281.76 5,1,2,4,1,4,1,1 80.59,4.08,8.73,7.35,3.64,17.64,3.60,6.04
0000000000f9_0065 1400578281.66 1,8,11,1,1,1,1 3.94,83.55,95.95,3.47,3.68,4.13,4.80
0000000000f9_0055 1400578582.13 1,11,4,1,1 4.90,84.42,173.54,3.29,3.48
0000000000f9_00aa 1400578785.97 4,1,1,1,1,1 24.42,2.97,1.87,3.11,1.68,1.95
0000000000f9_003a 1400578132.88 2,2,1,2,2,2 8.12,12.57,48.71,8.25,46.51,7.43
0000000000f9_00a4 1400578631.84 1,1,11,4,4,1 5.62,3.36,83.17,32.03,10.93,1.84
0000000000f9_00a3 1400578683.76 11,11,1,1,1 81.43,86.19,1.43,2.60,1.82
0000000000f9_00a5 1400578781.42 2,1,1,1,1 3.76,2.76,2.97,1.71,1.86
0000000000f9_00aa 1400578836.02 4,1,1,1,1,1 24.42,2.97,1.73,3.11,1.68,1.95
0000000000f9_00a8 1400578384.47 1,8,11,1,1,1,1 4.88,89.95,109.74,4.12,1.92,1.87,1.83
0000000000f9_0058 1400578532.21 10,3,4,1,1 89.60,80.14,7.13,4.54,4.99
0000000000f9_0068 1400578832.15 13.67,5.54,3.07,3.26
0000000000f9_00a3 1400578733.81 11,11,1,1,1 81.43,86.19,1.43,2.60,1.82
0000000000f9_00b5 1400578035.19
0000000000f9_0057 1400578532.08 5,2,1,2,1,1,1 80.05,8.67,3.94,4.46,4.02,3.18,3.23
0000000000f9_0066 1400578689.94 83.13,11.19,82.74,3.08,3.22,2.96
0000000000f9_00aa 1400578886.07 4,1,1,1,1,1 24.42,2.97,1.73,3.11,1.68,1.95
0000000000f9_00a4 1400578681.89 1,1,11,4,4,1 5.62,3.36,83.17,32.03,10.93,1.84
0000000000f9_0055 1400578632.18 1,11,4,1,1 4.90,86.14,173.54,3.30,3.47
0000000000f9_00a8 1400578434.51 1,8,11,1,1,1,1 3.18,89.95,113.87,4.12,1.92,2.30,2.15
0000000000f9_00b5 1400578085.24
0000000000f9_00aa 1400578936.12 4,1,1,1,1,1 24.42,2.97,1.73,3.11,1.68,1.95
0000000000f9_0065 1400578331.71 1,8,11,1,1,1,1 3.94,83.55,95.95,3.47,3.68,4.13,4.80
0000000000f9_0056 1400578282.03 1,1,13,4,1,1 5.23,5.64,86.90,21.52,4.42,4.46
0000000000f9_00a3 1400578783.85 11,11,1,1,1 81.77,86.19,1.66,1.73,2.27
0000000000f9_0079 1400578285.27 4,4 51.07,52.95
0000000000f9_00a5 1400578831.43 2,1,1,1,1 3.76,2.80,2.97,1.71,1.86
0000000000f9_00a4 1400578731.94 1,1,11,4,4,1 5.62,3.36,83.17,32.03,10.93,1.84
0000000000f9_00b5 1400578135.29
0000000000f9_0090 1400578035.99
0000000000f9_00aa 1400578986.14 4,1,1,1,1,1 24.42,2.71,1.68,3.01,1.52,1.94
0000000000f9_0068 1400578882.2 13.67,5.54,3.07,3.26
0000000000f9_00a8 1400578484.54 1,8,11,1,1,1,1 3.18,89.95,113.87,4.12,1.92,2.30,2.15
0000000000f9_0058 1400578582.26 10,3,4,1,1 92.34,80.14,7.13,4.54,4.99
0000000000f9_00b5 1400578185.34
0000000000f9_00a3 1400578833.89 11,11,1,1,1 81.77,86.19,1.66,1.73,2.27
0000000000f9_0066 1400578739.99 83.13,11.19,82.74,3.08,3.22,2.96
0000000000f9_0083 1400578734.16
0000000000f9_0083 1400578784.21
0000000000f9_0083 1400578834.26
0000000000f9_0083 1400578884.3
0000000000f9_0083 1400578934.34
0000000000f9_0083 1400578984.39
0000000000f9_00a4 1400578781.99 1,1,11,4,4,1 4.41,3.31,83.17,32.03,4.71,1.92
0000000000f9_0055 1400578682.21 1,11,4,1,1 4.90,86.14,173.54,3.30,3.47
0000000000f9_0076 1400578331.81 5,1,2,4,1,4,1,1 80.59,4.08,8.73,7.35,3.64,17.64,3.60,6.04
0000000000f9_0093 1400578035.13
0000000000f9_0057 1400578582.11 5,2,1,2,1,1,1 80.05,8.67,3.94,4.46,4.12,3.18,3.23
0000000000f9_00b5 1400578235.39
0000000000f9_00a8 1400578534.57 1,8,11,1,1,1,1 3.18,89.95,113.87,4.12,1.92,2.30,2.15
0000000000f9_0092 1400578035.12
0000000000f9_00a3 1400578883.94 11,11,1,1,1 81.77,86.19,1.66,1.73,2.27
0000000000f9_0065 1400578381.73 1,8,11,1,1,1,1 3.94,83.55,95.95,3.47,3.68,4.13,4.80
0000000000f9_00a4 1400578832.04 1,1,11,4,4,1 4.41,3.31,83.44,32.03,4.71,1.92
0000000000f9_0068 1400578932.25 13.67,5.54,3.07,3.26
0000000000f9_00a8 1400578584.62 1,8,11,1,1,1,1 3.18,89.95,113.87,4.12,1.92,2.30,2.15
0000000000f9_0047 1400578035.47
0000000000f9_00a3 1400578933.98 11,11,1,1,1 81.77,86.19,1.66,1.73,2.27
0000000000f9_0058 1400578632.31 10,3,4,1,1 92.34,79.82,6.53,4.85,3.57
0000000000f9_0055 1400578732.26 1,11,4,1,1 4.90,86.14,173.54,3.30,3.47
0000000000f9_0066 1400578790.04 81.85,11.19,82.20,3.05,3.19,2.98
0000000000f9_0056 1400578332.08 1,1,13,4,1,1 5.23,5.64,86.90,21.52,4.42,4.46
0000000000f9_00a4 1400578882.08 1,1,11,4,4,1 4.41,3.31,83.44,32.03,4.71,1.92
0000000000f9_0079 1400578335.33 4,4 51.07,52.95
0000000000f9_00a3 1400578984.01 11,11,1,1,1 80.83,86.19,2.12,1.69,1.83
0000000000f9_00a8 1400578634.67 1,8,11,1,1,1,1 3.20,89.95,89.75,4.12,1.92,2.08,1.91
0000000000f9_00a5 1400578881.44 2,1,1,1,1 3.76,2.80,2.97,1.71,1.86
0000000000f9_00a5 1400578931.45 2,1,1,1,1 3.76,2.80,2.97,1.71,1.86
0000000000f9_00a5 1400578981.5 2,1,1,1,1 3.82,2.74,3.12,1.75,1.91
0000000000f9_0068 1400578982.29 13.67,5.54,3.82,3.15
0000000000f9_003a 1400578182.95 2,2,1,2,2,2 8.12,12.57,48.71,8.25,46.51,7.43
0000000000f9_0065 1400578431.78 1,8,11,1,1,1,1 3.94,84.04,102.86,3.39,3.56,4.56,4.80
0000000000f9_0057 1400578632.15 5,2,1,2,1,1,1 82.73,8.61,3.94,4.46,4.12,3.29,3.26
0000000000f9_00a8 1400578684.72 1,8,11,1,1,1,1 3.20,89.95,89.75,4.12,1.92,2.08,1.91
0000000000f9_00a4 1400578932.1 1,1,11,4,4,1 4.41,3.31,83.44,32.03,4.71,1.92
0000000000f9_0055 1400578782.31 1,11,4,1,1 4.90,85.92,24.45,3.35,3.42
0000000000f9_0076 1400578381.86 5,1,2,4,1,4,1,1 80.59,4.08,8.73,7.35,3.64,17.64,3.60,6.04
0000000000f9_00bf 1400578036.56
0000000000f9_0058 1400578682.35 10,3,4,1,1 92.34,79.82,6.53,4.85,3.57
0000000000f9_00a8 1400578734.73 1,8,11,1,1,1,1 3.20,89.95,89.75,4.12,1.92,2.08,1.91
0000000000f9_0066 1400578840.09 81.85,11.19,82.20,3.05,3.19,2.98
0000000000f9_00a4 1400578982.14 1,1,11,4,4,1 4.56,3.34,83.09,32.03,14.26,1.69
0000000000f9_00a8 1400578784.74 1,8,11,1,1,1,1 3.29,89.95,89.75,4.12,1.92,2.01,1.77
0000000000f9_00a8 1400578834.78 1,8,11,1,1,1,1 3.29,89.95,91.37,4.12,1.92,2.01,1.77
0000000000f9_0055 1400578832.36 1,11,4,1,1 4.90,85.92,24.45,3.35,3.42
0000000000f9_0051 1400578036.14
0000000000f9_0065 1400578481.83 1,8,11,1,1,1,1 3.94,84.04,102.86,3.39,3.56,4.56,5.36
0000000000f9_0056 1400578382.13 1,1,13,4,1,1 5.23,5.64,86.90,21.52,4.42,4.46
0000000000f9_0079 1400578385.39 4,4 51.07,52.95
0000000000f9_0058 1400578732.39 10,3,4,1,1 92.34,79.82,6.53,4.85,3.57
0000000000f9_0057 1400578682.2 5,2,1,2,1,1,1 82.73,8.61,3.94,4.46,4.12,3.29,3.26
0000000000f9_00a8 1400578884.83 1,8,11,1,1,1,1 3.29,89.95,91.37,4.12,1.92,2.01,1.77
0000000000f9_0066 1400578890.14 81.85,11.19,82.20,3.05,3.19,2.98
0000000000f9_0050 1400578036.29
0000000000f9_0092 1400578085.17 6,10,8,1 6.93,89.68,12.51,4.98
0000000000f9_00b5 1400578285.44 9 137.64
0000000000f9_00a8 1400578934.87 1,8,11,1,1,1,1 3.29,89.95,91.37,4.12,1.92,2.01,1.77
0000000000f9_0096 1400578033.5
0000000000f9_0055 1400578882.42 1,11,4,1,1 4.90,85.92,24.45,3.35,3.42
0000000000f9_0076 1400578431.91 5,1,2,4,1,4,1,1 80.59,4.19,8.73,8.35,4.46,12.00,3.28,5.56
0000000000f9_00a8 1400578984.92 1,8,11,1,1,1,1 3.19,89.95,102.63,4.12,1.92,1.98,1.80
0000000000f9_0065 1400578531.88 1,8,11,1,1,1,1 3.94,84.04,102.86,3.39,3.56,4.56,5.36
0000000000f9_00b5 1400578335.49 9 137.64
0000000000f9_0058 1400578782.44 10,3,4,1,1 98.07,79.65,7.48,4.64,3.57
0000000000f9_0092 1400578135.22 6,10,8,1 6.93,89.68,12.51,4.98
0000000000f9_004d 1400578035.15
0000000000f9_0066 1400578940.18 81.85,11.19,82.20,3.05,3.19,2.98
0000000000f9_00bc 1400578035.88
0000000000f9_0057 1400578732.22 5,2,1,2,1,1,1 82.73,8.61,3.94,4.46,4.12,3.29,3.26
0000000000f9_00b5 1400578385.54 9 137.64
0000000000f9_0055 1400578932.47 1,11,4,1,1 4.90,85.92,24.45,3.35,3.42
0000000000f9_0056 1400578432.18 1,1,13,4,1,1 5.23,5.53,86.94,17.42,4.56,4.52
0000000000f9_0079 1400578435.44 4,4 55.26,55.63
0000000000f9_003a 1400578233.01 2,2,1,2,2,2 8.12,7.13,48.71,8.25,46.51,7.43
0000000000f9_00b5 1400578435.59 9 137.64
0000000000f9_0092 1400578185.28 6,10,8,1 6.93,89.68,12.51,4.98
0000000000f9_0065 1400578581.93 1,8,11,1,1,1,1 3.94,84.04,102.86,3.39,3.56,4.56,5.36
0000000000f9_0058 1400578832.49 10,3,4,1,1 98.07,79.65,7.48,4.64,3.61
0000000000f9_0093 1400578085.18 1,10,6,13,10,1 5.29,85.06,6.75,28.95,83.97,6.03
0000000000f9_0066 1400578990.21 82.08,11.19,82.03,3.20,3.44,3.27
0000000000f9_0055 1400578982.52 1,11,4,1,1 4.90,84.23,13.26,3.66,4.36
0000000000f9_00b5 1400578485.63 9 160.78
0000000000f9_0047 1400578085.52 11,9,11,3,6 85.34,8.44,84.36,5.16,5.37
0000000000f9_0076 1400578481.96 5,1,2,4,1,4,1,1 80.38,4.19,9.85,8.35,4.46,12.00,3.28,5.56
0000000000f9_0057 1400578782.27 5,2,1,2,1,1,1 85.99,8.49,3.94,4.46,3.96,3.33,3.26
0000000000f9_0092 1400578235.33 6,10,8,1 6.77,89.68,8.96,4.70
0000000000f9_00b5 1400578535.67 9 160.78
0000000000f9_0090 1400578086.04 10,6,10,7,10,3 89.67,5.81,87.47,15.08,83.87,7.31
0000000000f9_0058 1400578882.54 10,3,4,1,1 98.07,79.65,7.48,4.64,3.61
0000000000f9_0093 1400578135.23 1,10,6,13,10,1 5.29,85.06,6.75,28.95,83.97,6.03
0000000000f9_0065 1400578631.98 1,8,11,1,1,1,1 3.94,84.12,114.76,3.34,3.40,4.15,4.45
0000000000f9_00b5 1400578585.72 9 160.78
0000000000f9_0047 1400578135.56 11,9,11,3,6 85.34,8.44,84.36,5.16,5.37
0000000000f9_0056 1400578482.23 1,1,13,4,1,1 5.23,5.53,86.94,17.42,4.56,4.52
0000000000f9_0079 1400578485.5 4,4 55.26,55.63
0000000000f9_0092 1400578285.38 6,10,8,1 6.77,89.68,8.96,4.70
0000000000f9_00b5 1400578635.77 9 245.58
0000000000f9_0090 1400578136.06 10,6,10,7,10,3 89.67,5.81,87.47,15.08,83.87,7.31
0000000000f9_0057 1400578832.32 5,2,1,2,1,1,1 85.99,8.49,3.94,4.46,3.96,3.33,3.57
0000000000f9_0058 1400578932.59 10,3,4,1,1 98.07,79.65,7.48,4.64,3.61
0000000000f9_00b5 1400578685.82 9 245.58
0000000000f9_004d 1400578085.19 6,13,6,2 18.30,91.60,7.01,4.49
0000000000f9_0047 1400578185.6 11,9,11,3,6 85.34,8.44,84.36,5.16,5.37
0000000000f9_0065 1400578682.03 1,8,11,1,1,1,1 3.94,84.12,114.76,3.34,3.40,4.15,4.45
0000000000f9_0076 1400578531.99 5,1,2,4,1,4,1,1 80.38,4.19,9.85,8.35,4.46,12.00,3.28,5.56
0000000000f9_0092 1400578335.43 6,10,8,1 6.77,89.68,8.96,4.70
0000000000f9_0093 1400578185.28 1,10,6,13,10,1 5.29,85.06,6.75,28.95,83.97,6.03
0000000000f9_00b5 1400578735.87 9 245.58
0000000000f9_003a 1400578283.07 2,2,1,2,2,2 8.12,7.13,8.18,18.15,11.25,10.62
0000000000f9_004d 1400578135.24 6,13,6,2 18.30,91.60,7.01,4.49
0000000000f9_0056 1400578532.23 1,1,13,4,1,1 5.23,5.53,86.94,17.42,4.56,4.52
0000000000f9_00b5 1400578785.92 9 245.58
0000000000f9_0047 1400578235.65 11,9,11,3,6 85.34,7.78,84.36,5.01,5.32
0000000000f9_0090 1400578186.1 10,6,10,7,10,3 89.67,5.81,87.47,15.08,83.87,7.31
0000000000f9_0058 1400578982.64 10,3,4,1,1 84.74,79.90,15.65,4.53,3.51
0000000000f9_0092 1400578385.48 6,10,8,1 6.77,89.68,8.96,4.70
0000000000f9_0065 1400578732.06 1,8,11,1,1,1,1 3.94,84.12,114.76,3.34,3.40,4.15,4.45
0000000000f9_0057 1400578882.37 5,2,1,2,1,1,1 85.99,8.49,3.94,4.46,3.96,3.33,3.57
0000000000f9_00b5 1400578835.97 9 169.72
0000000000f9_0093 1400578235.33 1,10,6,13,10,1 4.70,85.06,5.08,28.95,85.41,6.03
0000000000f9_004d 1400578185.27 6,13,6,2 18.30,91.60,7.01,4.49
0000000000f9_0092 1400578435.53 6,10,8,1 6.53,89.68,7.70,4.66
0000000000f9_0047 1400578285.7 11,9,11,3,6 85.34,7.78,85.50,5.01,5.32
0000000000f9_00b5 1400578886.02 9 169.72
0000000000f9_0076 1400578582.02 5,1,2,4,1,4,1,1 80.38,4.19,9.85,7.38,4.46,12.00,3.28,5.56
0000000000f9_0079 1400578535.56 4,4 55.26,55.63
0000000000f9_0090 1400578236.14 10,6,10,7,10,3 89.67,5.81,86.18,10.64,86.22,7.31
0000000000f9_00b5 1400578936.07 9 169.72
0000000000f9_0065 1400578782.11 1,8,11,1,1,1,1 3.94,87.96,99.71,3.66,3.40,4.15,4.45
0000000000f9_00bc 1400578085.93 9,6,10,10 8.30,82.80,9.10,9.38
0000000000f9_0093 1400578285.38 1,10,6,13,10,1 4.70,85.06,5.08,28.95,85.41,4.38
0000000000f9_004d 1400578235.29 6,13,6,2 18.30,88.92,6.92,4.49
0000000000f9_0057 1400578932.41 5,2,1,2,1,1,1 85.99,8.49,3.94,4.46,3.96,3.33,3.57
0000000000f9_0092 1400578485.58 6,10,8,1 6.53,89.68,7.70,4.66
0000000000f9_0056 1400578582.28 1,1,13,4,1,1 5.23,5.53,86.94,17.42,4.56,4.52
0000000000f9_0047 1400578335.75 11,9,11,3,6 85.34,7.78,85.50,5.01,5.32
0000000000f9_00b5 1400578986.12 9 284.17
0000000000f9_0092 1400578535.63 6,10,8,1 6.53,89.68,7.70,4.66
0000000000f9_0093 1400578335.43 1,10,6,13,10,1 4.70,85.06,5.08,28.95,85.41,4.38
0000000000f9_0065 1400578832.16 1,8,11,1,1,1,1 3.94,87.96,99.71,3.66,4.63,4.24,4.42
0000000000f9_0090 1400578286.19 10,6,10,7,10,3 89.67,5.81,86.18,10.64,86.22,5.17
0000000000f9_0047 1400578385.8 11,9,11,3,6 85.34,7.78,85.50,5.01,5.32
0000000000f9_0076 1400578632.07 5,1,2,4,1,4,1,1 80.38,4.06,8.62,7.38,3.82,7.84,3.36,5.63
0000000000f9_0079 1400578585.62 4,4 55.26,55.63
0000000000f9_00bc 1400578135.96 9,6,10,10 8.30,82.80,9.10,9.38
0000000000f9_0057 1400578982.45 5,2,1,2,1,1,1 82.21,8.84,3.94,4.46,3.98,3.16,3.30
0000000000f9_003a 1400578333.13 2,2,1,2,2,2 8.12,7.13,8.18,18.15,11.25,10.62
0000000000f9_0092 1400578585.68 6,10,8,1 6.53,89.68,8.20,4.66
0000000000f9_0056 1400578632.33 1,1,13,4,1,1 5.23,5.66,86.53,121.39,4.47,4.29
0000000000f9_0093 1400578385.48 1,10,6,13,10,1 4.70,85.06,5.08,28.95,85.41,4.38
0000000000f9_0047 1400578435.85 11,9,11,3,6 85.34,7.52,86.38,5.10,6.02
0000000000f9_0090 1400578336.24 10,6,10,7,10,3 89.67,5.81,86.18,10.64,86.22,5.17
0000000000f9_0065 1400578882.21 1,8,11,1,1,1,1 3.94,87.96,99.71,3.66,4.63,4.24,4.42
0000000000f9_0051 1400578086.18 8,5,8,14,10,14 92.42,36.73,85.86,18.03,89.15,17.96
0000000000f9_0092 1400578635.69 6,10,8,1 6.53,89.68,8.20,4.58
0000000000f9_0047 1400578485.89 11,9,11,3,6 85.34,7.52,86.38,5.10,6.02
0000000000f9_0076 1400578682.07 5,1,2,4,1,4,1,1 80.38,4.06,8.62,7.38,3.82,7.84,3.36,5.63
0000000000f9_00bc 1400578186.0 9,6,10,10 8.30,82.80,9.10,9.38
0000000000f9_0079 1400578635.68 4,4 54.94,28.08
0000000000f9_0090 1400578386.29 10,6,10,7,10,3 89.67,5.81,86.18,10.64,86.22,5.17
0000000000f9_0065 1400578932.26 1,8,11,1,1,1,1 3.94,87.96,99.71,3.66,4.63,4.24,4.42
0000000000f9_0093 1400578435.53 1,10,6,13,10,1 4.67,85.06,4.90,28.95,85.43,4.40
0000000000f9_0092 1400578685.74 6,10,8,1 6.53,89.68,8.20,4.58
0000000000f9_0056 1400578682.38 1,1,13,4,1,1 5.23,5.66,86.53,121.39,4.47,4.29
0000000000f9_0047 1400578535.94 11,9,11,3,6 85.34,7.52,86.38,5.10,6.02
0000000000f9_0051 1400578136.23 8,5,8,14,10,14 92.42,36.73,85.86,18.03,89.15,17.96
0000000000f9_0092 1400578735.79 6,10,8,1 6.53,89.68,8.20,4.58
0000000000f9_0090 1400578436.3 10,6,10,7,10,3 89.67,5.81,85.22,10.92,85.48,5.30
0000000000f9_0065 1400578982.31 1,8,11,1,1,1,1 3.94,85.88,104.11,3.32,3.41,4.19,4.41
0000000000f9_0047 1400578585.99 11,9,11,3,6 85.34,7.52,86.38,5.10,5.57
0000000000f9_0076 1400578732.11 5,1,2,4,1,4,1,1 80.38,4.06,8.62,7.38,3.82,7.84,3.36,5.63
0000000000f9_003a 1400578383.18 2,2,1,2,2,2 8.12,7.13,8.18,18.15,11.25,10.62
0000000000f9_00bc 1400578236.04 9,6,10,10 8.30,88.78,9.10,7.64
0000000000f9_0079 1400578685.73 4,4 54.94,28.08
0000000000f9_0092 1400578785.84 6,10,8,1 6.67,89.68,16.29,4.64
0000000000f9_004d 1400578285.34 6,13,6,2 18.30,88.92,6.92,4.49
0000000000f9_004d 1400578335.39 6,13,6,2 18.30,88.92,6.92,4.49
0000000000f9_004d 1400578385.44 6,13,6,2 18.30,88.92,6.92,4.49
0000000000f9_004d 1400578435.49 6,13,6,2 18.30,88.00,6.75,4.49
0000000000f9_004d 1400578485.53 6,13,6,2 18.30,88.00,6.75,4.49
0000000000f9_004d 1400578535.58 6,13,6,2 18.30,88.00,6.75,4.49
0000000000f9_0056 1400578732.4 1,1,13,4,1,1 5.23,5.66,86.53,121.39,4.47,4.29
0000000000f9_0090 1400578486.31 10,6,10,7,10,3 89.67,5.81,85.22,10.92,85.48,5.30
0000000000f9_0047 1400578635.99 11,9,11,3,6 85.34,7.47,86.13,5.02,5.57
0000000000f9_0092 1400578835.89 6,10,8,1 6.67,89.68,16.29,4.64
0000000000f9_0051 1400578186.28 8,5,8,14,10,14 92.42,36.73,85.86,18.03,89.15,17.96
0000000000f9_00bc 1400578286.09 9,6,10,10 8.30,88.78,9.10,7.64
0000000000f9_004d 1400578585.63 6,13,6,2 18.30,88.00,6.83,4.49
0000000000f9_0047 1400578686.03 11,9,11,3,6 85.34,7.47,86.13,5.02,5.57
0000000000f9_0076 1400578782.16 5,1,2,4,1,4,1,1 80.38,4.06,8.62,7.58,3.51,8.68,3.36,5.63
0000000000f9_0090 1400578536.33 10,6,10,7,10,3 89.67,5.81,85.22,10.92,85.48,5.30
0000000000f9_0092 1400578885.9 6,10,8,1 6.67,89.68,16.29,4.64
0000000000f9_0079 1400578735.79 4,4 54.94,28.08
0000000000f9_004d 1400578635.67 6,13,6,2 18.30,89.23,6.83,4.49
0000000000f9_0056 1400578782.43 1,1,13,4,1,1 5.23,5.62,88.09,16.91,4.47,4.29
0000000000f9_0047 1400578736.09 11,9,11,3,6 85.34,7.47,86.13,5.02,5.57
0000000000f9_0092 1400578935.95 6,10,8,1 6.67,89.68,16.29,4.64
0000000000f9_00bc 1400578336.14 9,6,10,10 8.30,88.78,9.10,7.64
0000000000f9_003a 1400578433.24 2,2,1,2,2,2 8.12,7.11,8.20,7.49,11.25,10.62
0000000000f9_004d 1400578685.71 6,13,6,2 18.30,89.23,6.83,4.49
0000000000f9_0090 1400578586.39 10,6,10,7,10,3 89.67,5.81,87.78,10.92,85.48,5.30
0000000000f9_0091 1400578035.15
0000000000f9_0051 1400578236.33 8,5,8,14,10,14 92.42,36.73,85.86,18.02,90.70,14.38
0000000000f9_0047 1400578786.13 11,9,11,3,6 85.34,7.61,117.65,5.21,5.07
0000000000f9_0092 1400578985.97 6,10,8,1 6.67,89.68,7.34,4.80
0000000000f9_0076 1400578832.21 5,1,2,4,1,4,1,1 80.38,4.20,11.32,7.58,3.51,8.68,3.36,5.60
0000000000f9_0079 1400578785.85 4,4 46.44,43.32
0000000000f9_004d 1400578735.76 6,13,6,2 18.30,89.23,6.83,4.49
0000000000f9_0056 1400578832.45 1,1,13,4,1,1 5.23,5.62,88.09,16.91,4.35,4.59
0000000000f9_0047 1400578836.18 11,9,11,3,6 85.34,7.61,117.65,5.21,5.07
0000000000f9_0093 1400578485.54 1,10,6,13,10,1 4.67,85.06,4.90,28.95,85.43,4.40
0000000000f9_0093 1400578535.59 1,10,6,13,10,1 4.67,85.06,4.90,28.95,85.43,4.40
0000000000f9_0093 1400578585.64 1,10,6,13,10,1 4.64,85.06,4.90,28.95,85.43,4.40
0000000000f9_0093 1400578635.65 1,10,6,13,10,1 4.64,85.06,5.28,28.95,85.44,5.39
0000000000f9_0093 1400578685.69 1,10,6,13,10,1 4.64,85.06,5.28,28.95,85.44,5.39
0000000000f9_00bc 1400578386.18 9,6,10,10 8.30,88.78,9.10,7.64
0000000000f9_004d 1400578785.81 6,13,6,2 7.94,88.75,6.87,4.49
0000000000f9_0093 1400578735.74 1,10,6,13,10,1 4.64,85.06,5.28,28.95,85.44,5.39
0000000000f9_0047 1400578886.23 11,9,11,3,6 85.34,7.61,117.65,5.21,5.07
0000000000f9_0051 1400578286.38 8,5,8,14,10,14 87.07,36.73,87.97,18.02,90.70,14.38
0000000000f9_0079 1400578835.91 4,4 46.44,43.32
0000000000f9_0076 1400578882.26 5,1,2,4,1,4,1,1 80.38,4.20,11.32,7.58,3.51,8.68,3.36,5.60
0000000000f9_0056 1400578882.5 1,1,13,4,1,1 5.23,5.62,88.09,16.91,4.35,4.59
0000000000f9_004d 1400578835.85 6,13,6,2 7.94,88.75,6.87,4.49
0000000000f9_0047 1400578936.28 11,9,11,3,6 85.34,7.61,117.65,5.21,5.07
0000000000f9_0093 1400578785.79 1,10,6,13,10,1 4.64,85.06,5.17,28.95,85.56,4.37
0000000000f9_003a 1400578483.3 2,2,1,2,2,2 8.12,7.11,8.20,7.49,10.54,11.29
0000000000f9_00bc 1400578436.23 9,6,10,10 8.30,92.37,9.10,7.11
0000000000f9_004d 1400578885.87 6,13,6,2 7.94,88.75,6.87,4.49
0000000000f9_0047 1400578986.3 11,9,11,3,6 85.34,7.34,85.58,5.15,5.41
0000000000f9_0079 1400578885.97 4,4 46.44,43.32
0000000000f9_0076 1400578932.31 5,1,2,4,1,4,1,1 80.38,4.20,11.32,7.58,3.51,8.68,3.36,5.60
0000000000f9_0051 1400578336.43 8,5,8,14,10,14 87.07,36.73,87.97,18.02,90.70,14.38
0000000000f9_0093 1400578835.84 1,10,6,13,10,1 4.64,85.06,5.17,28.95,85.56,4.37
0000000000f9_0056 1400578932.55 1,1,13,4,1,1 5.23,5.62,88.09,16.91,4.35,4.59
0000000000f9_004d 1400578935.92 6,13,6,2 7.94,88.75,6.87,4.49
0000000000f9_00bc 1400578486.26 9,6,10,10 8.30,92.37,9.10,7.11
0000000000f9_004f 1400578040.03
0000000000f9_0091 1400578085.16 1,10,6,7,10,1 6.76,87.29,9.53,11.70,85.32,5.02
0000000000f9_0093 1400578885.87 1,10,6,13,10,1 4.64,85.06,5.17,28.95,85.56,4.37
0000000000f9_004d 1400578985.97 6,13,6,2 6.85,88.28,7.12,4.49
0000000000f9_0079 1400578936.03 4,4 46.44,43.32
0000000000f9_0090 1400578636.43 10,6,10,7,10,3 89.67,5.81,87.78,13.96,85.95,5.37
0000000000f9_0090 1400578686.49 10,6,10,7,10,3 89.67,5.81,87.78,13.96,85.95,5.37
0000000000f9_0090 1400578736.53 10,6,10,7,10,3 89.67,5.81,87.78,13.96,85.95,5.37
0000000000f9_0090 1400578786.56 10,6,10,7,10,3 89.67,5.81,86.23,13.82,85.72,5.19
0000000000f9_0090 1400578836.61 10,6,10,7,10,3 89.67,5.81,86.23,13.82,85.72,5.19
0000000000f9_0076 1400578982.36 5,1,2,4,1,4,1,1 80.38,4.16,11.32,8.98,3.52,14.41,3.39,5.63
0000000000f9_0056 1400578982.59 1,1,13,4,1,1 5.23,6.07,87.12,12.08,4.45,4.72
0000000000f9_0051 1400578386.48 8,5,8,14,10,14 87.07,36.73,87.97,18.02,90.70,14.38
0000000000f9_0091 1400578135.21 1,10,6,7,10,1 6.76,87.29,9.53,11.70,85.32,5.02
0000000000f9_00bc 1400578536.31 9,6,10,10 8.30,92.37,9.10,7.11
0000000000f9_003a 1400578533.36 2,2,1,2,2,2 8.12,7.11,8.20,7.49,10.54,11.29
0000000000f9_0090 1400578886.66 10,6,10,7,10,3 89.67,5.81,86.23,13.82,85.72,5.19
0000000000f9_0093 1400578935.91 1,10,6,13,10,1 4.64,85.06,5.17,28.95,85.56,4.37
0000000000f9_0091 1400578185.26 1,10,6,7,10,1 6.76,87.29,9.53,11.70,85.32,5.02
0000000000f9_0079 1400578986.09 4,4 51.58,41.68
0000000000f9_0093 1400578985.96 1,10,6,13,10,1 4.65,85.06,5.05,28.95,85.67,4.40
0000000000f9_00bc 1400578586.36 9,6,10,10 8.30,91.35,9.10,7.11
0000000000f9_0090 1400578936.68 10,6,10,7,10,3 89.67,5.81,86.23,13.82,85.72,5.19
0000000000f9_0051 1400578436.51 8,5,8,14,10,14 85.31,36.73,86.79,14.41,94.37,14.77
0000000000f9_0091 1400578235.26 1,10,6,7,10,1 6.76,85.02,9.53,11.70,85.57,4.38
0000000000f9_0090 1400578986.73 10,6,10,7,10,3 89.67,5.81,85.46,12.12,86.46,5.18
0000000000f9_00bc 1400578636.41 9,6,10,10 8.30,91.35,9.10,7.92
0000000000f9_003a 1400578583.41 2,2,1,2,2,2 8.12,7.11,8.20,7.49,10.54,11.29
0000000000f9_0091 1400578285.31 1,10,6,7,10,1 6.76,85.02,5.17,11.70,85.57,4.38
0000000000f9_0051 1400578486.56 8,5,8,14,10,14 85.31,36.73,86.79,14.41,94.37,14.77
0000000000f9_0091 1400578335.36 1,10,6,7,10,1 6.76,85.02,5.17,11.70,85.57,4.38
0000000000f9_0091 1400578385.41 1,10,6,7,10,1 6.76,85.02,5.17,11.70,85.57,4.38
0000000000f9_004f 1400578090.09 5,5,5,5,5,11 87.10,89.48,86.77,85.90,7.92,11.46
0000000000f9_0051 1400578536.58 8,5,8,14,10,14 85.31,36.73,86.79,14.41,94.37,14.77
0000000000f9_0091 1400578435.46 1,10,6,7,10,1 6.76,85.26,5.57,11.70,86.01,4.36
0000000000f9_003a 1400578633.47 2,2,1,2,2,2 8.12,7.10,8.43,7.56,10.79,16.48
0000000000f9_004f 1400578140.11 5,5,5,5,5,11 87.10,89.48,86.77,85.90,7.92,11.46
0000000000f9_0091 1400578485.51 1,10,6,7,10,1 6.76,85.26,5.57,11.70,86.01,4.36
0000000000f9_0051 1400578586.63 8,5,8,14,10,14 85.31,36.73,86.79,14.76,94.37,14.77
0000000000f9_004f 1400578190.16 5,5,5,5,5,11 87.10,89.48,86.77,85.90,7.92,11.46
0000000000f9_0091 1400578535.56 1,10,6,7,10,1 6.76,85.26,5.57,11.70,86.01,4.36
0000000000f9_00bc 1400578686.46 9,6,10,10 8.30,91.35,9.10,7.92
0000000000f9_00bc 1400578736.48 9,6,10,10 8.30,91.35,9.10,7.92
0000000000f9_00bc 1400578786.53 9,6,10,10 8.30,93.27,9.10,7.08
0000000000f9_00bc 1400578836.56 9,6,10,10 8.30,93.27,9.10,7.08
0000000000f9_004f 1400578240.21 5,5,5,5,5,11 87.10,83.45,86.77,94.17,8.13,10.59
0000000000f9_003a 1400578683.53 2,2,1,2,2,2 8.12,7.10,8.43,7.56,10.79,16.48
0000000000f9_0091 1400578585.6 1,10,6,7,10,1 6.76,85.26,5.57,11.70,86.01,4.36
0000000000f9_0051 1400578636.68 8,5,8,14,10,14 86.38,36.73,87.20,14.76,90.61,13.54
0000000000f9_004f 1400578290.26 5,5,5,5,5,11 87.10,83.45,84.08,94.17,8.13,10.59
0000000000f9_00bc 1400578886.61 9,6,10,10 8.30,93.27,9.10,7.08
0000000000f9_0091 1400578635.63 1,10,6,7,10,1 6.76,85.26,6.23,11.70,85.47,4.38
0000000000f9_004f 1400578340.31 5,5,5,5,5,11 87.10,83.45,84.08,94.17,8.13,10.59
0000000000f9_0051 1400578686.74 8,5,8,14,10,14 86.38,36.73,87.20,14.76,90.61,13.54
0000000000f9_0091 1400578685.68 1,10,6,7,10,1 6.76,85.26,6.23,11.70,85.47,4.38
0000000000f9_00bc 1400578936.66 9,6,10,10 8.30,93.27,9.10,7.08
0000000000f9_004f 1400578390.36 5,5,5,5,5,11 87.10,83.45,84.08,94.17,8.13,10.59
0000000000f9_0091 1400578735.72 1,10,6,7,10,1 6.76,85.26,6.23,11.70,85.47,4.38
0000000000f9_0051 1400578736.79 8,5,8,14,10,14 86.38,36.73,87.20,14.76,90.61,13.54
0000000000f9_00bc 1400578986.71 9,6,10,10 8.30,84.99,9.10,7.19
0000000000f9_0091 1400578785.77 1,10,6,7,10,1 6.76,86.19,4.97,11.70,85.29,4.40
0000000000f9_004f 1400578440.37 5,5,5,5,5,5,11 84.71,87.10,88.49,85.14,87.39,8.22,10.31
0000000000f9_0051 1400578786.81 8,5,8,14,10,14 86.42,36.73,87.20,15.51,91.90,14.12
0000000000f9_003a 1400578733.59 2,2,1,2,2,2 8.12,7.10,8.43,7.56,10.79,16.48
0000000000f9_003a 1400578783.64 2,2,1,2,2,2 8.12,7.10,8.43,7.56,10.79,16.48
0000000000f9_0091 1400578835.82 1,10,6,7,10,1 6.76,86.19,4.97,11.70,85.29,4.40
0000000000f9_0051 1400578836.86 8,5,8,14,10,14 86.42,36.73,88.35,15.51,91.90,14.12
0000000000f9_0091 1400578885.87 1,10,6,7,10,1 6.76,86.19,4.97,11.70,85.29,4.40
0000000000f9_004f 1400578490.43 5,5,5,5,5,5,5,11 84.71,87.10,91.06,88.49,85.14,87.39,8.22,10.31
0000000000f9_003a 1400578833.7 2,2,1,2,2,2 8.12,7.35,8.22,7.65,6.44,11.25
0000000000f9_0091 1400578935.92 1,10,6,7,10,1 6.76,86.19,4.97,11.70,85.29,4.40
0000000000f9_004f 1400578540.47 5,5,5,5,5,5,5,11 84.71,87.10,91.06,88.49,85.14,87.39,8.22,10.31
0000000000f9_0051 1400578886.88 8,5,8,14,10,14 86.42,36.73,88.35,15.51,91.90,14.12
0000000000f9_004f 1400578590.52 5,5,5,5,5,5,5,11 84.71,87.10,91.06,88.49,85.14,84.52,8.11,10.31
0000000000f9_0091 1400578985.97 1,10,6,7,10,1 6.76,86.37,5.31,11.70,87.00,4.35
0000000000f9_0051 1400578936.91 8,5,8,14,10,14 86.42,36.73,88.35,15.51,91.90,14.12
0000000000f9_004f 1400578640.56 5,5,5,5,5,5,5,11 83.07,87.10,97.36,84.51,83.62,84.52,8.11,10.06
0000000000f9_003a 1400578883.76 2,2,1,2,2,2 8.12,7.35,8.22,7.65,6.44,11.25
0000000000f9_004f 1400578690.6 5,5,5,5,5,5,5,11 83.07,87.10,97.36,84.51,83.62,84.52,8.11,10.06
0000000000f9_0051 1400578986.96 8,5,8,14,10,14 84.65,36.73,87.27,13.80,92.39,13.82
0000000000f9_003a 1400578933.82 2,2,1,2,2,2 8.12,7.35,8.22,7.65,6.44,11.25
0000000000f9_003a 1400578983.87 2,2,1,2,2,2 8.12,6.84,8.27,8.25,6.44,11.25
0000000000f9_004f 1400578740.64 5,5,5,5,5,5,5,11 83.07,87.10,97.36,84.51,83.62,84.52,8.11,10.06
0000000000f9_004f 1400578790.69 5,5,5,5,5,5,5,11 83.07,87.10,97.36,85.11,85.09,87.40,8.14,11.80
0000000000f9_004f 1400578840.75 5,5,5,5,5,5,5,11 87.34,87.10,89.18,85.11,85.09,87.40,8.14,11.80
0000000000f9_004f 1400578890.8 5,5,5,5,5,5,5,11 87.34,87.10,89.18,85.11,85.09,87.40,8.14,11.80
0000000000f9_004f 1400578940.85 5,5,5,5,5,5,5,11 87.34,87.10,89.18,85.11,85.09,87.40,8.14,11.80
0000000000f9_004f 1400578990.89 5,5,5,5,5,5,5,11 84.40,87.10,89.32,85.21,83.25,86.46,7.98,10.76
0000000000f9_0007 1400578082.32 4,4,4,4 7.08,10.17,7.19,6.15
0000000000f9_0007 1400578132.37 4,4,4,4 7.08,10.17,7.19,6.15
0000000000f9_0007 1400578182.37 4,4,4,4 7.08,10.17,7.19,6.15
0000000000f9_0007 1400578232.42 4,4,4,4 5.62,10.17,9.26,4.78
0000000000f9_008c 1400578088.51 4,4,4,4 12.37,8.93,10.67,10.09
0000000000f9_0007 1400578282.47 4,4,4,4 5.62,10.17,9.26,4.78
0000000000f9_0082 1400578081.53 2,2,2,2,2,2 13.49,6.83,5.36,5.16,6.26,8.03
0000000000f9_008c 1400578138.56 4,4,4,4 12.37,8.93,10.67,10.09
0000000000f9_0007 1400578332.52 4,4,4,4 5.62,10.17,9.26,4.78
0000000000f9_0082 1400578131.59 2,2,2,2,2,2 13.49,6.83,5.36,5.16,6.26,8.03
0000000000f9_0007 1400578382.57 4,4,4,4 5.62,10.17,9.26,4.78
0000000000f9_008c 1400578188.61 4,4,4,4 12.37,8.93,10.67,10.09
0000000000f9_0007 1400578432.62 4,4,4,4 7.08,10.17,7.03,5.09
0000000000f9_0082 1400578181.64 2,2,2,2,2,2 13.49,6.83,5.36,5.16,6.26,8.03
0000000000f9_0007 1400578482.67 4,4,4,4 7.08,10.17,7.03,5.09
0000000000f9_008c 1400578238.66 4,4,4,4,4 9.57,8.81,5.65,10.67,8.36
0000000000f9_0007 1400578532.72 4,4,4,4 7.08,10.17,7.03,5.09
0000000000f9_0082 1400578231.68 2,2,2,2,2,2 13.49,6.83,4.82,4.66,3.97,8.03
0000000000f9_008c 1400578288.71 4,4,4,4,4 9.57,8.81,5.65,7.58,8.36
0000000000f9_0007 1400578582.78 4,4,4,4 7.08,10.17,6.04,5.09
0000000000f9_003f 1400578083.46 4,4,4 22.27,143.32,12.12
0000000000f9_0007 1400578632.83 4,4,4,4 6.00,10.17,6.04,4.97
0000000000f9_0082 1400578281.73 2,2,2,2,2,2 3.75,6.83,4.82,4.66,3.97,5.23
0000000000f9_008c 1400578338.76 4,4,4,4,4 9.57,8.81,5.65,7.58,8.36
0000000000f9_003f 1400578133.51 4,4,4 22.27,143.32,12.12
0000000000f9_0007 1400578682.87 4,4,4,4 6.00,10.17,6.04,4.97
0000000000f9_008c 1400578388.81 4,4,4,4,4 9.57,8.81,5.65,7.58,8.36
0000000000f9_0082 1400578331.78 2,2,2,2,2,2 3.75,6.83,4.82,4.66,3.97,5.23
0000000000f9_0007 1400578732.92 4,4,4,4 6.00,10.17,6.04,4.97
0000000000f9_003f 1400578183.56 4,4,4 22.27,143.32,12.12
0000000000f9_0007 1400578782.97 4,4,4,4 4.70,10.17,7.05,5.75
0000000000f9_008c 1400578438.86 4,4,4,4,4 6.74,5.65,8.09,7.40,8.37
0000000000f9_0082 1400578381.82 2,2,2,2,2,2 3.75,6.83,4.82,4.66,3.97,5.23
0000000000f9_003f 1400578233.6 4,4,4 5.98,104.86,107.19
0000000000f9_0007 1400578833.02 4,4,4,4 4.70,10.17,7.05,5.75
0000000000f9_003f 1400578283.64 4,4,4 5.98,104.86,107.19
0000000000f9_008c 1400578488.91 4,4,4,4,4 6.74,5.65,8.09,7.40,8.37
0000000000f9_0007 1400578883.07 4,4,4,4 4.70,10.17,7.05,5.75
0000000000f9_0082 1400578431.87 2,2,2,2,2,2 3.81,6.83,4.79,4.62,3.84,4.95
0000000000f9_003f 1400578333.69 4,4,4 5.98,104.86,107.19
0000000000f9_0007 1400578933.12 4,4,4,4 4.70,10.17,7.05,5.75
0000000000f9_008c 1400578538.96 4,4,4,4,4 6.74,5.65,8.09,7.40,8.37
0000000000f9_0007 1400578983.17 4,4,4,4 5.10,10.17,6.43,5.25
0000000000f9_003f 1400578383.74 4,4,4 5.98,104.86,107.19
0000000000f9_0082 1400578481.87 2,2,2,2,2,2 3.81,6.83,4.79,4.62,3.84,4.95
0000000000f9_008c 1400578589.01 4,4,4,4,4 6.74,8.65,8.09,7.40,9.39
0000000000f9_003f 1400578433.79 4,4,4 125.86,16.39,12.63
0000000000f9_0082 1400578531.91 2,2,2,2,2,2 3.81,6.83,4.79,4.62,3.84,4.95
0000000000f9_008c 1400578639.06 4,4,4,4,4 6.95,8.65,6.45,8.40,9.39
0000000000f9_003f 1400578483.84 4,4,4 125.86,16.39,12.63
0000000000f9_0082 1400578581.96 2,2,2,2,2,2 3.81,6.83,5.86,4.62,3.84,4.95
0000000000f9_008c 1400578689.11 4,4,4,4,4 6.95,8.65,6.45,8.40,9.39
0000000000f9_003f 1400578533.89 4,4,4 125.86,16.39,12.63
0000000000f9_003f 1400578583.91 4,4,4 125.86,16.39,9.14
0000000000f9_0082 1400578632.01 2,2,2,2,2,2 3.81,6.83,5.86,4.79,10.24,4.97
0000000000f9_008c 1400578739.16 4,4,4,4,4 6.95,8.65,6.45,8.40,9.39
0000000000f9_003f 1400578633.93 4,4,4 107.10,11.26,9.14
0000000000f9_008c 1400578789.21 4,4,4,4,4 16.66,6.86,5.99,10.79,8.82
0000000000f9_0082 1400578682.05 2,2,2,2,2,2 3.81,6.83,5.86,4.79,10.24,4.97
0000000000f9_003f 1400578683.98 4,4,4 107.10,11.26,9.14
0000000000f9_008c 1400578839.22 4,4,4,4,4 16.66,6.86,5.99,10.79,8.82
0000000000f9_0082 1400578732.07 2,2,2,2,2,2 3.81,6.83,5.86,4.79,10.24,4.97
0000000000f9_003f 1400578734.03 4,4,4 107.10,11.26,9.14
0000000000f9_008c 1400578889.27 4,4,4,4,4 16.66,6.86,5.99,10.79,8.82
0000000000f9_0082 1400578782.11 2,2,2,2,2,2 3.81,6.83,4.77,5.01,3.64,5.38
0000000000f9_008c 1400578939.32 4,4,4,4,4 16.66,6.86,5.99,10.79,8.82
0000000000f9_003f 1400578784.08 4,4,4 106.46,7.07,6.74
0000000000f9_0082 1400578832.16 2,2,2,2,2,2 4.26,6.83,4.77,5.01,3.64,5.38
0000000000f9_008c 1400578989.37 4,4,4,4,4 6.95,7.01,5.64,6.13,10.97
0000000000f9_003f 1400578834.13 4,4,4 106.46,7.07,6.74
0000000000f9_0082 1400578882.17 2,2,2,2,2,2 4.26,6.83,4.77,5.01,3.64,5.38
0000000000f9_003f 1400578884.18 4,4,4 106.46,7.07,6.74
0000000000f9_003f 1400578934.23 4,4,4 106.46,7.07,6.74
0000000000f9_0082 1400578932.22 2,2,2,2,2,2 4.26,6.83,4.77,5.01,3.64,5.38
0000000000f9_003f 1400578984.28 4,4,4 26.55,11.59,10.00
0000000000f9_00bf 1400578086.57 6,6,13,13,2 5.93,5.00,82.87,84.04,3.04
0000000000f9_0082 1400578982.27 2,2,2,2,2,2 3.84,6.83,4.91,5.20,3.99,4.99
0000000000f9_00bf 1400578136.62 6,6,13,13,2 5.93,5.00,82.87,84.04,3.04
0000000000f9_00bf 1400578186.63 6,6,13,13,2 5.93,5.00,82.87,84.04,3.04
0000000000f9_00bf 1400578236.68 6,6,13,13,2 5.68,5.00,85.26,85.88,3.00
0000000000f9_00bf 1400578286.73 6,6,13,13,2 5.68,5.00,85.26,85.88,3.00
0000000000f9_00bf 1400578336.77 6,6,13,13,2 5.68,5.00,85.26,85.88,3.00
0000000000f9_00bf 1400578386.82 6,6,13,13,2 5.68,5.00,85.26,85.88,3.00
0000000000f9_00bf 1400578436.83 6,6,13,13,2 5.20,5.00,83.95,86.52,2.95
0000000000f9_0096 1400578083.56 4,4,4,4 33.13,13.02,5.63,10.86
0000000000f9_00bf 1400578486.87 6,6,13,13,2 5.20,5.00,83.95,86.52,2.95
0000000000f9_00bf 1400578536.92 6,6,13,13,2 5.20,5.00,83.95,86.52,2.95
0000000000f9_00bf 1400578586.97 6,6,13,13,2 5.20,5.00,83.35,86.52,3.19
0000000000f9_0096 1400578133.61 4,4,4,4 33.13,13.02,5.63,10.86
0000000000f9_00bf 1400578637.02 6,6,13,13,2 4.85,5.00,83.35,87.49,3.19
0000000000f9_0096 1400578183.66 4,4,4,4 33.13,13.02,5.63,10.86
0000000000f9_00bf 1400578687.04 6,6,13,13,2 4.85,5.00,83.35,87.49,3.19
0000000000f9_00bf 1400578737.09 6,6,13,13,2 4.85,5.00,83.35,87.49,3.19
0000000000f9_00bf 1400578787.13 6,6,13,13,2 5.09,5.00,82.73,85.38,3.13
0000000000f9_00bf 1400578837.18 6,6,13,13,2 5.09,5.00,82.73,85.38,3.13
0000000000f9_00bf 1400578887.23 6,6,13,13,2 5.09,5.00,82.73,85.38,3.13
0000000000f9_00bf 1400578937.28 6,6,13,13,2 5.09,5.00,82.73,85.38,3.13
0000000000f9_0096 1400578233.71 4,4,4,4 33.13,13.02,5.64,6.60
0000000000f9_00bf 1400578987.33 6,6,13,13,2 5.13,5.00,86.61,87.19,2.93
0000000000f9_0096 1400578283.76 2,4,4,4,4 96.91,33.13,6.90,5.64,6.60
0000000000f9_0050 1400578086.34 16,15,7,15,7 53.20,101.85,13.22,96.04,16.80
0000000000f9_0096 1400578333.81 2,4,4,4,4 96.91,33.13,6.90,5.64,6.60
0000000000f9_0096 1400578383.84 2,4,4,4,4 96.91,33.13,6.90,5.64,6.60
0000000000f9_0050 1400578136.36 16,15,7,15,7 53.20,101.85,13.22,96.04,16.80
0000000000f9_0096 1400578433.89 4,4,4,4 33.13,10.21,26.29,9.24
0000000000f9_0096 1400578483.89 4,4,4,4 33.13,10.21,26.29,9.24
0000000000f9_0050 1400578186.41 16,15,7,15,7 53.20,101.85,13.22,96.04,16.80
0000000000f9_0096 1400578533.94 4,4,4,4 33.13,10.21,26.29,9.24
0000000000f9_0096 1400578583.99 4,4,4,4 33.13,10.21,7.13,9.24
0000000000f9_0050 1400578236.46 16,15,7,15,7 53.20,101.85,11.74,109.69,10.12
0000000000f9_0096 1400578634.03 4,4,4,4 33.13,7.46,7.13,9.51
0000000000f9_0096 1400578684.08 4,4,4,4 33.13,7.46,7.13,9.51
0000000000f9_0050 1400578286.51 16,15,7,15,7 27.85,106.76,11.74,109.69,10.12
0000000000f9_0096 1400578734.13 4,4,4,4 33.13,7.46,7.13,9.51
0000000000f9_0096 1400578784.18 4,4,4,4 33.13,7.46,5.79,5.94
0000000000f9_0050 1400578336.56 16,15,7,15,7 27.85,106.76,11.74,109.69,10.12
0000000000f9_0050 1400578386.61 16,15,7,15,7 27.85,106.76,11.74,109.69,10.12
0000000000f9_0050 1400578436.66 16,15,7,15,7 33.24,99.88,10.66,101.30,11.02
0000000000f9_0050 1400578486.71 16,15,7,15,7 33.24,99.88,10.66,101.30,11.02
0000000000f9_0050 1400578536.76 16,15,7,15,7 33.24,99.88,10.66,101.30,11.02
0000000000f9_0050 1400578586.81 16,15,7,15,7 33.24,99.88,10.57,101.30,11.02
0000000000f9_0050 1400578636.86 16,15,7,15,7 28.18,104.74,10.57,104.79,36.04
0000000000f9_0050 1400578686.91 16,15,7,15,7 28.18,104.74,10.57,104.79,36.04
0000000000f9_0050 1400578736.96 16,15,7,15,7 28.18,104.74,10.57,104.79,36.04
0000000000f9_0050 1400578787.01 16,15,7,15,7 36.30,104.74,12.67,91.43,12.59
0000000000f9_0050 1400578837.06 16,15,7,15,7 36.30,111.49,12.67,91.43,12.59
0000000000f9_0050 1400578887.11 16,15,7,15,7 36.30,111.49,12.67,91.43,12.59
0000000000f9_0050 1400578937.16 16,15,7,15,7 36.30,111.49,12.67,91.43,12.59
0000000000f9_0050 1400578987.21 16,15,7,15,7 43.34,105.03,11.26,128.80,10.67
0000000000f9_001c 1400578082.17 4,4,4,4,4 13.99,10.58,13.79,16.34,11.53
0000000000f9_0052 1400578083.07 4,4,4,4,4,4 29.86,164.81,11.50,37.02,7.38,8.95
0000000000f9_001c 1400578132.22 4,4,4,4,4 13.99,10.58,13.79,16.34,11.53
0000000000f9_0052 1400578133.12 4,4,4,4,4,4 29.86,164.81,11.50,37.02,7.38,8.95
0000000000f9_001c 1400578182.27 4,4,4,4,4 13.99,10.58,13.79,16.34,11.53
0000000000f9_0052 1400578183.17 4,4,4,4,4,4 29.86,164.81,11.50,37.02,7.38,8.95
0000000000f9_001c 1400578232.32 4,4,4,4,4 13.99,10.58,11.41,9.45,12.27
0000000000f9_001c 1400578282.37 4,4,4,4,4 13.63,10.04,11.41,9.45,12.27
0000000000f9_001c 1400578332.42 4,4,4,4,4 13.63,10.04,11.41,9.45,12.27
0000000000f9_001c 1400578382.47 4,4,4,4,4 13.63,10.04,11.41,9.45,12.27
0000000000f9_0052 1400578233.22 4,4,4,4,4,4 29.86,164.81,11.50,28.94,6.12,8.27
0000000000f9_0052 1400578283.27 4,4,4,4,4,4 12.43,7.77,68.69,28.94,6.12,8.27
0000000000f9_0052 1400578333.33 4,4,4,4,4,4 12.43,7.77,68.69,28.94,6.12,8.27
0000000000f9_0052 1400578383.38 4,4,4,4,4,4 12.43,7.77,68.69,28.94,6.12,8.27
0000000000f9_00b0 1400578065.51
0000000000f9_00b0 1400578115.54 9 178.38
0000000000f9_00b0 1400578165.58 9 178.38
0000000000f9_00b0 1400578215.61 9 178.38
0000000000f9_00b0 1400578265.66 9 178.38
0000000000f9_00b0 1400578315.7 9 178.38
0000000000f9_00b0 1400578365.71 9 178.38
0000000000f9_00b0 1400578415.76 9 178.38
0000000000f9_00b0 1400578465.81 9 178.38
0000000000f9_00b0 1400578515.86 9 178.38
0000000000f9_00b0 1400578565.91 9 178.38
0000000000f9_00b0 1400578615.95 9 178.38
0000000000f9_00b0 1400578666.0 9 178.38
0000000000f9_00b0 1400578716.06 9 178.38
0000000000f9_00b0 1400578766.11 9 178.38
0000000000f9_00b0 1400578816.16 9 178.38
0000000000f9_00b0 1400578866.2 9 178.38
0000000000f9_00b0 1400578916.25 9 178.38
0000000000f9_00b0 1400578966.31 9 178.38
0000000000f9_00b0 1400579016.31 9 244.80
0000000000f9_001c 1400578432.52 4,4,4,4,4 11.52,12.49,9.09,9.96,9.91
0000000000f9_001c 1400578482.57 4,4,4,4,4 11.52,12.49,9.09,9.96,9.91
0000000000f9_0052 1400578433.43 4,4,4,4,4,4 7.16,11.85,68.69,9.81,7.52,6.08
0000000000f9_001c 1400578532.61 4,4,4,4,4 11.52,12.49,9.09,9.96,9.91
0000000000f9_0052 1400578483.48 4,4,4,4,4,4 7.16,11.85,6.27,9.81,7.52,6.08
0000000000f9_001c 1400578582.66 4,4,4,4,4 11.52,12.49,9.09,9.96,11.13
0000000000f9_0052 1400578533.53 4,4,4,4,4,4 7.16,11.85,6.27,9.81,7.52,6.08
0000000000f9_001c 1400578632.71 4,4,4,4,4 25.79,14.80,9.41,11.51,11.13
0000000000f9_0052 1400578583.58 4,4,4,4,4,4 7.16,11.85,6.27,9.81,7.52,6.08
0000000000f9_001c 1400578682.76 4,4,4,4,4 25.79,14.80,9.41,11.51,11.13
0000000000f9_0052 1400578633.63 4,4,4,4,4,4 6.54,11.67,19.11,7.05,21.63,6.81
0000000000f9_001c 1400578732.81 4,4,4,4,4 25.79,14.80,9.41,11.51,11.13
0000000000f9_0052 1400578683.67 4,4,4,4,4,4 6.54,11.67,19.11,7.05,21.63,6.81
0000000000f9_001c 1400578782.86 4,4,4,4,4 25.79,14.80,9.35,15.60,9.69
0000000000f9_001c 1400578832.89 4,4,4,4 11.21,9.35,15.60,9.69
0000000000f9_0052 1400578733.72 4,4,4,4,4,4 6.54,11.67,19.11,7.05,21.63,6.81
0000000000f9_001c 1400578882.94 4,4,4,4 11.21,9.35,15.60,9.69
0000000000f9_0052 1400578783.77 4,4,4,4,4,4 25.84,11.67,19.11,7.05,6.07,6.18
0000000000f9_001c 1400578933.0 4,4,4,4 11.21,9.35,15.60,9.69
0000000000f9_0052 1400578833.83 4,4,4,4,4,4 25.84,28.17,14.62,7.53,6.07,6.18
0000000000f9_001c 1400578983.02 4,4,4,4 9.54,11.80,11.32,12.21
0000000000f9_0052 1400578883.88 4,4,4,4,4,4 25.84,28.17,14.62,7.53,6.07,6.18
0000000000f9_0052 1400578933.93 4,4,4,4,4,4 25.84,28.17,14.62,7.53,6.07,6.18
0000000000f9_0052 1400578983.98 4,4,4,4,4,4 6.53,13.02,5.99,6.83,7.44,6.13
0000000000f9_0096 1400578834.19 26,2,4,4,4,4 1635.90,16.78,33.13,8.60,5.79,5.94
0000000000f9_0096 1400578884.24 26,2,4,4,4,4 1635.90,16.78,33.13,8.60,5.79,5.94
0000000000f9_0096 1400578934.29 26,2,4,4,4,4 1635.90,16.78,33.13,8.60,5.79,5.94
0000000000f9_0096 1400578984.34 26,2,4,4,4,4 1635.90,12.84,9.02,6.89,7.34,18.79
0000000000f9_00c6 1400578663.84 12,10,10,10 822.81,783.58,278.59,263.06
0000000000f9_00c6 1400578713.89 12,10,10,10 822.81,783.58,278.59,263.06
0000000000f9_00c6 1400578763.94 12,10,10,10 822.81,783.58,278.59,263.06
0000000000f9_00c6 1400578813.99 12,10,10,10 822.81,783.58,540.62,796.21
0000000000f9_00c6 1400578864.0 12,12,10,10,10 1869.90,1523.67,1374.34,540.62,796.21
0000000000f9_00c6 1400578914.01 12,12,10,10,10 1869.90,1523.67,1374.34,540.62,796.21
0000000000f9_00c6 1400578964.07 12,12,10,10,10 1869.90,1523.67,1374.34,540.62,796.21
0000000000f9_00c6 1400579014.12 12,10 1869.90,1944.16
0000000000f9_00c6 1400579064.17 12,10 1869.90,1944.16
0000000000f9_00c6 1400579114.22 12,10 1869.90,1944.16
0000000000f9_00c6 1400579164.27 12,10 1869.90,1944.16
