0000000000f9_00a4 1400580863.23
0000000000f9_00a9 1400580862.7
0000000000f9_00a5 1400580863.52
0000000000f9_0007 1400580861.74
0000000000f9_00a6 1400580862.77
0000000000f9_00a7 1400580862.82
0000000000f9_00aa 1400580863.36
0000000000f9_00a3 1400580862.86
0000000000f9_00a4 1400580913.24 1,11,1,1,1,1 5.06,88.88,3.31,1.61,1.26,3.40
0000000000f9_0076 1400580863.34
0000000000f9_00a4 1400580963.28 1,11,1,1,1,1 5.06,88.88,3.31,1.61,1.26,3.40
0000000000f9_0057 1400580863.04
0000000000f9_00a6 1400580912.8 4,2,1,1 8.51,7.44,5.54,1.50
0000000000f9_00a4 1400581013.33 1,11,1,1,1,1 5.06,88.88,3.31,1.61,1.26,3.40
0000000000f9_0082 1400580863.78
0000000000f9_0076 1400580913.39 1,1,1,1,1 11.96,4.53,3.79,5.16,6.78
0000000000f9_00a3 1400580912.91 1,1,1,1,1 1.41,3.72,1.41,1.78,1.61
0000000000f9_0052 1400580862.94
0000000000f9_0068 1400580863.53
0000000000f9_0065 1400580863.32
0000000000f9_00a4 1400581063.34 1,11,1,1,1,1 5.06,84.88,3.31,2.66,1.26,4.62
0000000000f9_00a6 1400580962.8 4,2,1,1 8.51,7.44,5.54,1.50
0000000000f9_00a8 1400580863.17
0000000000f9_008c 1400580862.49
0000000000f9_0058 1400580863.42
0000000000f9_0082 1400580913.83 2,2,2 15.96,5.38,5.30
0000000000f9_0055 1400580863.51
0000000000f9_00a3 1400580962.95 1,1,1,1,1 1.41,3.72,1.41,1.78,1.61
0000000000f9_0076 1400580963.44 1,1,1,1,1 11.96,4.53,3.79,5.16,6.78
0000000000f9_0096 1400580863.2
0000000000f9_00a4 1400581113.39 1,11,1,1,1,1 5.06,84.88,3.76,2.66,1.26,4.62
0000000000f9_00a9 1400580912.75 11,1,1,1,1 96.53,3.41,2.30,1.66,1.44
0000000000f9_00a7 1400580912.86 1,1,1,1,1 2.23,6.90,3.53,1.62,2.03
0000000000f9_001c 1400580862.69
0000000000f9_00ab 1400580863.32
0000000000f9_0056 1400580863.83
0000000000f9_0065 1400580913.37 1,4,2,1,1 5.81,15.30,14.83,7.19,3.75
0000000000f9_00a5 1400580913.57 10,1,1,1,1 85.86,1.98,1.55,1.39,4.22
0000000000f9_0082 1400580963.87 2,2,2 15.96,5.38,5.30
0000000000f9_00a4 1400581163.44 1,11,1,1,1,1 5.06,84.88,3.76,2.66,1.26,4.62
0000000000f9_00a9 1400580962.8 11,1,1,1,1 96.53,3.41,2.30,1.66,1.44
0000000000f9_00a6 1400581012.83 4,2,1,1 8.51,7.44,5.54,1.50
0000000000f9_008c 1400580912.51 3,4,4,4 29.95,19.56,9.83,9.34
0000000000f9_0068 1400580913.58 102.85,33.09,9.96,5.53,6.12,5.30,4.47
0000000000f9_00a3 1400581013.0 1,1,1,1,1 1.41,3.72,1.41,1.78,1.61
0000000000f9_0056 1400580913.88
0000000000f9_0055 1400580913.56 1,11,2,2,1 6.53,90.28,8.30,8.29,4.44
0000000000f9_00a5 1400580963.6 10,1,1,1,1 85.86,1.98,1.55,1.39,4.22
0000000000f9_0058 1400580913.45 1,3,1,4,1,1 12.03,82.33,3.80,15.72,3.44,4.19
0000000000f9_00a9 1400581012.85 11,1,1,1,1 96.53,3.41,2.30,1.66,1.44
0000000000f9_0082 1400581013.92 2,2,2 15.96,5.38,5.30
0000000000f9_00a4 1400581213.49 1,11,1,1,1,1 5.06,84.88,3.76,2.66,1.26,4.62
0000000000f9_008c 1400580962.56 3,4,4,4 29.95,19.56,9.83,9.34
0000000000f9_0065 1400580963.38 1,4,2,1,1 5.81,15.30,14.83,7.19,3.75
0000000000f9_0056 1400580963.93
0000000000f9_00ab 1400580913.33 1,1,1,1,1 4.75,2.14,1.82,2.01,3.87
0000000000f9_00a9 1400581062.9 11,1,1,1,1 96.53,3.41,1.77,2.91,1.80
0000000000f9_0076 1400581063.54 1,1,1,1,1 3.47,4.53,3.47,4.21,6.78
0000000000f9_00a7 1400580962.91 1,1,1,1,1 2.23,6.90,3.53,1.62,2.03
0000000000f9_00aa 1400580913.36 13,1,1,1 85.96,1.69,1.83,4.10
0000000000f9_00a5 1400581013.63 10,1,1,1,1 85.86,1.98,1.55,1.39,4.22
0000000000f9_00a6 1400581062.86 4,2,1,1 8.51,7.44,3.30,1.98
0000000000f9_0082 1400581063.97 2,2,2 4.30,4.05,5.30
0000000000f9_0055 1400580963.6 1,11,2,2,1 6.53,90.28,8.30,8.29,4.44
0000000000f9_0068 1400580963.63 102.85,33.09,9.96,5.53,6.12,5.30,4.47
0000000000f9_00ab 1400580963.35 1,1,1,1,1 4.75,2.14,1.82,2.01,3.87
0000000000f9_0056 1400581013.98
0000000000f9_00a9 1400581112.93 11,1,1,1,1 96.53,3.41,1.77,2.91,1.80
0000000000f9_00a3 1400581063.05 1,1,1,1,1 1.41,3.72,2.68,1.80,1.76
0000000000f9_008c 1400581012.58 3,4,4,4 29.95,19.56,9.83,9.34
0000000000f9_00a5 1400581063.68 10,1,1,1,1 85.86,1.79,1.79,1.39,4.84
0000000000f9_0058 1400580963.45 1,3,1,4,1,1 12.03,82.33,3.80,15.72,3.44,4.19
0000000000f9_00a4 1400581313.59 1,11,1,1,1,1 5.06,84.35,3.20,1.63,1.26,4.48
0000000000f9_0065 1400581013.43 1,4,2,1,1 5.81,15.30,14.83,7.19,3.75
0000000000f9_00ab 1400581013.39 1,1,1,1,1 4.75,2.14,1.82,2.01,3.87
0000000000f9_0082 1400581114.02 2,2,2 4.30,4.05,5.14
0000000000f9_0076 1400581113.59 1,1,1,1,1 3.47,4.21,3.47,4.21,4.60
0000000000f9_00a9 1400581162.94 11,1,1,1,1 96.53,3.41,1.77,2.91,1.80
0000000000f9_00aa 1400580963.41 13,1,1,1 85.96,1.69,1.83,4.10
0000000000f9_003f 1400580863.1
0000000000f9_0055 1400581013.61 1,11,2,2,1 6.53,90.28,8.30,8.29,4.44
0000000000f9_00a5 1400581113.72 10,1,1,1,1 85.86,1.79,1.79,1.62,4.84
0000000000f9_00a3 1400581113.1 1,1,1,1,1 1.21,3.72,2.68,1.80,1.76
0000000000f9_0056 1400581064.02 1 6.05
0000000000f9_00a9 1400581212.99 11,1,1,1,1 96.53,3.41,1.77,2.91,1.80
0000000000f9_00a7 1400581012.96 1,1,1,1,1 2.23,6.90,3.53,1.62,2.03
0000000000f9_0082 1400581164.07 2,2,2 4.30,4.05,5.14
0000000000f9_00a5 1400581163.75 10,1,1,1,1 85.86,1.79,1.79,1.62,4.84
0000000000f9_00aa 1400581013.46 13,1,1,1 85.96,1.69,1.83,4.10
0000000000f9_00a4 1400581363.61 1,11,1,1,1,1 5.06,84.35,3.20,1.63,1.26,4.48
0000000000f9_0065 1400581063.48 1,4,2,1,1 3.98,8.31,14.83,7.19,3.75
0000000000f9_00a8 1400580913.22 1,11,2,4,1 3.01,89.00,4.73,7.66,1.61
0000000000f9_0068 1400581013.67 102.85,33.09,9.96,5.53,6.12,5.30,4.47
0000000000f9_0057 1400580913.09 13,1,1,1,1 91.98,10.85,6.56,3.13,7.39
0000000000f9_0058 1400581013.5 1,3,1,4,1,1 12.03,82.33,3.80,15.72,3.44,4.19
0000000000f9_0076 1400581163.64 1,1,1,1,1 3.47,4.21,3.47,4.21,4.60
0000000000f9_00a9 1400581263.03 11,1,1,1,1 96.53,3.41,1.90,1.73,2.25
0000000000f9_0055 1400581063.66 1,11,2,2,1 6.53,86.57,5.72,8.62,4.44
0000000000f9_00a5 1400581213.8 10,1,1,1,1 85.86,1.79,1.79,1.62,4.84
0000000000f9_00a4 1400581413.66 1,11,1,1,1,1 5.06,84.35,3.20,2.04,1.26,4.48
0000000000f9_0079 1400580873.82
0000000000f9_0056 1400581114.06 1 6.05
0000000000f9_0082 1400581214.12 2,2,2 4.30,4.05,5.14
0000000000f9_008c 1400581062.6 4,3,4,4,4 43.77,29.95,19.56,6.29,8.85
0000000000f9_00a7 1400581062.99 1,1,1,1,1 2.23,3.38,3.53,1.77,1.85
0000000000f9_00a9 1400581313.08 11,1,1,1,1 96.53,3.41,1.90,1.73,2.25
0000000000f9_00a5 1400581263.85 10,1,1,1,1 85.86,1.92,1.79,1.92,4.28
0000000000f9_00aa 1400581063.5 1,13,1,1,1 3.36,85.96,1.69,2.74,3.52
0000000000f9_00a4 1400581463.71 1,11,1,1,1,1 5.06,116.04,3.00,2.04,1.26,3.24
0000000000f9_0057 1400580963.14 13,1,1,1,1 91.98,10.85,6.56,3.13,7.39
0000000000f9_0076 1400581213.69 1,1,1,1,1 3.47,4.21,3.47,4.21,4.60
0000000000f9_0055 1400581113.66 1,11,2,2,1 6.53,86.57,5.72,8.62,4.46
0000000000f9_00a8 1400580963.26 1,11,2,4,1 3.01,89.00,4.73,7.66,1.61
0000000000f9_00a9 1400581363.13 11,1,1,1,1 96.53,3.41,1.90,1.73,2.25
0000000000f9_0068 1400581063.71 88.38,33.09,9.96,5.53,6.12,4.03,3.21
0000000000f9_0058 1400581063.54 1,3,1,4,1,1 3.37,82.33,3.80,7.66,3.43,3.63
0000000000f9_0056 1400581164.11 1 6.05
0000000000f9_00a5 1400581313.86 10,1,1,1,1 85.86,1.92,1.79,1.92,4.28
0000000000f9_0082 1400581264.17 2,2,2 6.51,4.01,5.11
0000000000f9_00a4 1400581513.75 1,11,1,1,1,1 5.06,116.04,3.00,2.04,1.26,3.24
0000000000f9_008c 1400581112.61 4,3,4,4,4 43.77,11.32,41.97,6.29,8.85
0000000000f9_00a9 1400581413.18 11,1,1,1,1 96.53,3.41,1.90,2.06,2.25
0000000000f9_00aa 1400581113.55 1,13,1,1,1 3.36,85.96,1.69,2.74,3.52
0000000000f9_00a7 1400581113.03 1,1,1,1,1 2.23,3.38,3.53,1.77,1.85
0000000000f9_00a5 1400581363.9 10,1,1,1,1 85.86,1.92,1.79,1.92,4.28
0000000000f9_00a4 1400581563.77 1,11,1,1,1,1 5.06,116.04,3.00,2.04,1.26,3.24
0000000000f9_0056 1400581214.18 1 10.89
0000000000f9_0055 1400581163.71 1,11,2,2,1 6.53,86.57,5.72,8.62,4.46
0000000000f9_0076 1400581263.71 1,1,1,1,1 3.47,4.32,3.46,3.95,5.40
0000000000f9_0082 1400581314.22 2,2,2 6.51,4.01,5.11
0000000000f9_00a9 1400581463.22 11,1,1,1,1 96.53,3.41,2.05,2.06,1.61
0000000000f9_0057 1400581013.19 13,1,1,1,1 91.98,10.85,6.56,3.13,7.39
0000000000f9_00aa 1400581163.6 1,13,1,1,1 3.36,85.96,1.69,2.74,3.52
0000000000f9_00a5 1400581413.9 10,1,1,1,1 85.86,1.92,1.79,1.92,3.30
0000000000f9_0066 1400580863.51
0000000000f9_00a4 1400581613.78 1,11,1,1,1,1 5.06,88.77,3.20,3.00,1.26,3.30
0000000000f9_0068 1400581113.76 88.38,33.09,9.96,5.53,3.45,4.03,3.21
0000000000f9_008c 1400581162.64 4,3,4,4,4 43.77,11.32,41.97,6.29,8.85
0000000000f9_0058 1400581113.6 1,3,1,4,1,1 3.37,82.33,3.27,7.66,3.43,3.63
0000000000f9_00a8 1400581013.31 1,11,2,4,1 3.01,89.00,4.73,7.66,1.61
0000000000f9_00a9 1400581513.26 11,1,1,1,1 96.53,3.41,2.05,2.06,1.61
0000000000f9_00a7 1400581163.04 1,1,1,1,1 2.23,3.38,3.53,1.77,1.85
0000000000f9_0082 1400581364.25 2,2,2 6.51,4.01,5.11
0000000000f9_00a5 1400581463.94 10,1,1,1,1 85.86,2.38,1.92,1.86,3.30
0000000000f9_0056 1400581264.22 1 10.89
0000000000f9_00aa 1400581213.65 1,13,1,1,1 3.36,85.96,1.69,2.74,3.52
0000000000f9_0055 1400581213.77 1,11,2,2,1 6.53,86.57,5.72,8.62,4.46
0000000000f9_00a9 1400581563.3 11,1,1,1,1 96.53,3.41,2.05,2.06,1.61
0000000000f9_0076 1400581313.76 1,1,1,1,1 3.47,4.32,3.46,3.95,5.40
0000000000f9_00a8 1400581063.36 1,11,2,4,1 3.81,86.85,4.73,7.66,1.61
0000000000f9_00aa 1400581263.7 1,13,1,1,1 3.54,85.96,1.69,1.90,4.91
0000000000f9_008c 1400581212.68 4,3,4,4,4 43.77,11.32,41.97,6.29,8.85
0000000000f9_00a5 1400581513.99 10,1,1,1,1 85.86,2.38,1.92,1.86,3.30
0000000000f9_0057 1400581063.23 13,1,1,1,1 87.28,3.25,6.56,3.13,3.22
0000000000f9_00a7 1400581213.09 1,1,1,1,1 2.23,3.38,3.53,1.77,1.85
0000000000f9_0082 1400581414.3 2,2,2 6.51,4.01,5.11
0000000000f9_00a9 1400581613.35 11,1,1,1,1 96.53,3.41,2.00,1.80,1.81
0000000000f9_0056 1400581314.23 1 10.89
0000000000f9_0068 1400581163.8 88.38,33.09,9.96,5.53,3.45,4.03,3.21
0000000000f9_00a8 1400581113.39 1,11,2,4,1 3.81,86.85,4.73,7.66,1.61
0000000000f9_0058 1400581163.65 1,3,1,4,1,1 3.37,82.33,3.27,7.66,3.43,3.63
0000000000f9_00a5 1400581564.03 10,1,1,1,1 85.86,2.38,1.92,1.86,3.30
0000000000f9_0066 1400580913.53 3.68,91.99,9.45,3.52,3.69,5.87
0000000000f9_00aa 1400581313.74 1,13,1,1,1 3.54,85.96,1.69,1.90,4.91
0000000000f9_0055 1400581263.82 1,11,2,2,1 6.53,84.56,5.86,9.50,3.99
0000000000f9_0083 1400580864.3
0000000000f9_0076 1400581363.8 1,1,1,1,1 3.47,4.32,3.46,3.95,5.40
0000000000f9_00a5 1400581614.08 10,1,1,1,1 85.86,1.95,1.76,2.05,4.35
0000000000f9_00a8 1400581163.43 1,11,2,4,1 3.81,86.85,4.73,7.66,1.61
0000000000f9_008c 1400581262.73 4,3,4,4,4 37.42,11.40,40.26,5.93,10.10
0000000000f9_0082 1400581464.35 2,2,2 6.51,5.01,5.83
0000000000f9_0083 1400580914.35
0000000000f9_00aa 1400581363.77 1,13,1,1,1 3.54,85.96,1.69,1.90,4.91
0000000000f9_00a6 1400581112.9 1,4,13,2,1,1 3.38,8.51,91.73,7.44,3.30,1.98
0000000000f9_00a7 1400581263.12 1,1,1,1,1 2.23,3.49,3.53,1.82,2.08
0000000000f9_0056 1400581364.28 1 5.95
0000000000f9_0083 1400580964.4
0000000000f9_0057 1400581113.28 13,5,1,1,1,1 87.28,84.10,3.25,3.12,3.07,3.22
0000000000f9_00a8 1400581213.48 1,11,2,4,1 3.81,86.85,4.73,7.66,1.61
0000000000f9_0055 1400581313.85 1,11,2,2,1 6.53,84.56,5.86,9.50,3.99
0000000000f9_00aa 1400581413.82 1,13,1,1,1 3.54,85.96,1.69,1.98,4.91
0000000000f9_0058 1400581213.67 1,3,1,4,1,1 3.37,82.33,3.27,7.66,3.43,3.63
0000000000f9_0066 1400580963.53 3.68,91.99,9.45,3.52,3.69,5.87
0000000000f9_0082 1400581514.4 2,2,2 6.51,5.01,5.83
0000000000f9_0076 1400581413.82 1,1,1,1,1 3.47,4.32,3.46,3.95,5.40
0000000000f9_0068 1400581213.85 88.38,33.09,9.96,5.53,3.45,4.03,3.21
0000000000f9_00a8 1400581263.52 1,11,2,4,1 3.46,83.09,4.73,7.66,1.61
0000000000f9_0065 1400581113.53 1,4,13,2,1,1 3.98,8.31,90.67,9.39,3.42,3.30
0000000000f9_0083 1400581014.45
0000000000f9_00a6 1400581162.95 1,4,13,2,1,1 3.38,8.51,91.73,7.44,3.30,1.98
0000000000f9_008c 1400581312.78 4,3,4,4,4 37.42,11.40,40.26,5.93,10.10
0000000000f9_0056 1400581414.33 1 5.95
0000000000f9_00a7 1400581313.17 1,1,1,1,1 2.23,3.49,3.53,1.82,2.08
0000000000f9_00aa 1400581463.85 1,13,1,1,1 3.63,85.96,1.69,1.98,3.43
0000000000f9_0083 1400581064.49
0000000000f9_00a8 1400581313.57 1,11,2,4,1 3.46,83.09,4.73,7.66,1.61
0000000000f9_0082 1400581564.45 2,2,2 6.51,5.01,5.83
0000000000f9_00a6 1400581213.0 1,4,13,2,1,1 3.38,8.51,91.73,7.44,3.30,1.98
0000000000f9_0083 1400581114.52
0000000000f9_00a7 1400581363.21 1,1,1,1,1 2.23,3.49,3.53,1.82,2.08
0000000000f9_0057 1400581163.32 13,5,1,1,1,1 87.28,84.10,3.25,3.12,3.07,3.22
0000000000f9_0076 1400581463.87 1,1,1,1,1 3.47,4.40,3.52,3.53,4.42
0000000000f9_00aa 1400581513.85 1,13,1,1,1 3.63,85.96,1.69,1.98,3.43
0000000000f9_0056 1400581464.35 1 5.95
0000000000f9_00a8 1400581363.61 1,11,2,4,1 3.46,83.09,4.73,7.66,1.61
0000000000f9_0083 1400581164.57
0000000000f9_008c 1400581362.83 4,3,4,4,4 37.42,11.40,40.26,5.93,10.10
0000000000f9_0058 1400581263.71 1,3,1,4,1,1 3.67,82.33,3.72,8.50,3.58,3.70
0000000000f9_0065 1400581163.58 1,4,13,2,1,1 3.98,8.31,90.67,9.39,3.42,3.30
0000000000f9_0066 1400581013.58 3.68,91.99,9.45,3.52,3.69,5.87
0000000000f9_0068 1400581263.9 88.95,33.09,9.96,5.53,3.20,3.14,3.20
0000000000f9_0082 1400581614.5 2,2,2 6.51,4.56,6.70
0000000000f9_0083 1400581214.59
0000000000f9_00a8 1400581413.65 1,11,2,4,1 3.46,83.09,4.73,7.66,1.61
0000000000f9_00ca 1400580865.54
0000000000f9_00aa 1400581563.89 1,13,1,1,1 3.63,85.96,1.69,1.98,3.43
0000000000f9_00ca 1400580915.58
0000000000f9_00a7 1400581413.26 1,1,1,1,1 2.23,3.42,3.53,1.82,2.08
0000000000f9_0056 1400581514.4 1 7.96
0000000000f9_00a6 1400581263.05 1,4,13,2,1,1 3.61,8.51,85.28,7.67,3.41,1.87
0000000000f9_00ca 1400580965.63
0000000000f9_0076 1400581513.92 1,1,1,1,1 3.47,4.40,3.52,3.53,4.42
0000000000f9_0083 1400581264.64
0000000000f9_00ca 1400581015.67
0000000000f9_00a8 1400581463.7 1,11,2,4,1 3.38,83.09,5.82,7.66,1.61
0000000000f9_008c 1400581412.88 4,3,4,4,4 37.42,11.40,40.26,5.93,8.04
0000000000f9_00ca 1400581065.7
0000000000f9_0057 1400581213.36 13,5,1,1,1,1 87.28,84.10,3.25,3.12,3.07,3.22
0000000000f9_00ca 1400581115.75
0000000000f9_0065 1400581213.64 1,4,13,2,1,1 3.98,8.31,90.67,9.39,3.42,3.30
0000000000f9_0083 1400581314.69
0000000000f9_00aa 1400581613.94 1,13,1,1,1 4.39,85.96,1.69,1.82,3.73
0000000000f9_0066 1400581063.62 4.26,91.52,9.45,3.52,3.69,4.12
0000000000f9_0058 1400581313.77 1,3,1,4,1,1 3.67,82.33,3.72,8.50,3.58,3.70
0000000000f9_00a6 1400581313.1 1,4,13,2,1,1 3.61,8.51,85.28,7.67,3.41,1.87
0000000000f9_00a8 1400581513.73 1,11,2,4,1 3.38,83.09,5.82,7.66,1.61
0000000000f9_00a7 1400581463.31 1,1,1,1,1 2.23,3.42,3.53,1.75,1.76
0000000000f9_0068 1400581313.92 88.95,33.09,9.96,5.53,3.20,3.14,3.20
0000000000f9_0056 1400581564.45 1 7.96
0000000000f9_0083 1400581364.74
0000000000f9_00ca 1400581165.8
0000000000f9_00ca 1400581215.85
0000000000f9_00ca 1400581265.9
0000000000f9_00ca 1400581315.95
0000000000f9_00ca 1400581365.98
0000000000f9_00a8 1400581563.76 1,11,2,4,1 3.38,83.09,5.82,7.66,1.61
0000000000f9_0076 1400581563.97 1,1,1,1,1 3.47,4.40,3.52,3.53,4.42
0000000000f9_0083 1400581414.79
0000000000f9_00ca 1400581416.03
0000000000f9_008c 1400581462.9 4,3,4,4,4 64.65,11.40,34.11,20.93,8.04
0000000000f9_00ca 1400581466.08
0000000000f9_00ca 1400581516.13
0000000000f9_00a6 1400581363.15 1,4,13,2,1,1 3.61,8.51,85.28,7.67,3.41,1.87
0000000000f9_0083 1400581464.84
0000000000f9_0065 1400581263.69 1,4,13,2,1,1 3.98,8.85,86.13,8.76,3.43,3.30
0000000000f9_00ca 1400581566.18
0000000000f9_00a7 1400581513.34 1,1,1,1,1 2.23,3.42,3.53,1.75,1.76
0000000000f9_0066 1400581113.63 4.26,91.52,4.34,2.77,2.98,4.12
0000000000f9_00a8 1400581613.81 1,11,2,4,1 3.39,83.09,4.10,7.66,1.61
0000000000f9_0056 1400581614.51 1 7.96
0000000000f9_00ca 1400581616.18
0000000000f9_0057 1400581263.39 13,5,1,1,1,1 83.14,84.33,3.36,3.36,3.23,3.35
0000000000f9_0058 1400581363.81 1,3,1,4,1,1 3.67,82.33,3.72,8.50,3.58,3.70
0000000000f9_0055 1400581363.9 1,11,2,2,1 6.53,84.56,5.86,9.50,3.99
0000000000f9_0055 1400581413.95 1,11,2,2,1 6.53,83.99,5.86,9.50,3.99
0000000000f9_0055 1400581464.0 1,11,2,2,1 6.53,83.99,8.52,8.62,4.04
0000000000f9_0055 1400581514.01 1,11,2,2,1 6.53,83.99,8.52,8.62,4.04
0000000000f9_0068 1400581363.97 88.95,33.09,9.96,5.53,3.20,3.14,3.20
0000000000f9_0083 1400581514.89
0000000000f9_0076 1400581614.03 1,1,1,1,1 3.47,4.40,8.02,3.50,5.01
0000000000f9_008c 1400581512.96 4,3,4,4,4 64.65,11.40,34.11,20.93,8.04
0000000000f9_00a6 1400581413.2 1,4,13,2,1,1 3.61,8.51,85.28,7.67,3.25,1.87
0000000000f9_0083 1400581564.93
0000000000f9_00a7 1400581563.39 1,1,1,1,1 2.23,3.42,3.53,1.75,1.76
0000000000f9_0065 1400581313.74 1,4,13,2,1,1 3.98,8.85,86.13,8.76,3.43,3.45
0000000000f9_0055 1400581564.06 1,11,2,2,1 6.53,83.99,8.52,8.62,4.04
0000000000f9_0083 1400581614.98
0000000000f9_0066 1400581163.64 4.26,91.52,4.34,2.77,2.98,4.12
0000000000f9_0057 1400581313.44 13,5,1,1,1,1 83.14,84.33,3.36,3.36,3.23,3.35
0000000000f9_0058 1400581413.86 1,3,1,4,1,1 3.67,82.33,3.72,10.91,3.58,3.62
0000000000f9_00a6 1400581463.24 1,4,13,2,1,1 3.58,8.51,85.59,7.89,3.25,1.91
0000000000f9_008c 1400581563.0 4,3,4,4,4 64.65,11.40,34.11,20.93,8.04
0000000000f9_00b5 1400580865.72
0000000000f9_0068 1400581414.02 88.95,33.09,9.96,5.53,3.20,3.14,3.20
0000000000f9_003a 1400580864.08
0000000000f9_0055 1400581614.1 1,11,2,2,1 6.53,90.07,5.13,8.93,4.55
0000000000f9_00a7 1400581613.44 1,1,1,1,1 2.23,3.68,3.53,1.77,2.17
0000000000f9_0065 1400581363.76 1,4,13,2,1,1 3.98,8.85,86.13,8.76,3.43,3.45
0000000000f9_00b5 1400580915.77
0000000000f9_00a6 1400581513.29 1,4,13,2,1,1 3.58,8.51,85.59,7.89,3.25,1.91
0000000000f9_0066 1400581213.69 4.26,91.52,4.34,2.77,2.98,4.12
0000000000f9_00bc 1400580866.14
0000000000f9_008c 1400581613.03 4,3,4,4,4 64.65,13.68,34.11,8.82,10.53
0000000000f9_00b5 1400580965.82
0000000000f9_0057 1400581363.49 13,5,1,1,1,1 83.14,84.33,3.36,3.36,3.23,3.35
0000000000f9_0058 1400581463.87 1,3,1,4,1,1 3.66,82.33,3.70,10.91,3.61,3.62
0000000000f9_00a6 1400581563.33 1,4,13,2,1,1 3.58,8.51,85.59,7.89,3.25,1.91
0000000000f9_00b5 1400581015.87
0000000000f9_0068 1400581464.07 90.77,33.09,9.96,5.53,3.16,3.14,3.23
0000000000f9_0065 1400581413.81 1,4,13,2,1,1 3.98,8.85,86.13,8.76,3.43,3.45
0000000000f9_0092 1400580866.49
0000000000f9_0066 1400581263.73 3.34,87.43,3.67,3.14,3.01,4.03
0000000000f9_00a6 1400581613.36 1,4,13,2,1,1 3.50,8.51,85.59,8.01,4.14,1.83
0000000000f9_0090 1400580866.55
0000000000f9_0047 1400580866.42
0000000000f9_00b5 1400581065.92
0000000000f9_0091 1400580867.02
0000000000f9_0057 1400581413.53 13,5,1,1,1,1 83.14,84.33,3.36,3.36,3.23,3.36
0000000000f9_0058 1400581513.91 1,3,1,4,1,1 3.66,82.33,3.70,10.91,3.61,3.62
0000000000f9_0065 1400581463.81 1,4,13,2,1,1 3.98,7.59,86.11,9.58,3.50,4.05
0000000000f9_00b5 1400581115.97
0000000000f9_0066 1400581313.77 3.34,87.43,3.67,3.14,3.01,4.03
0000000000f9_00b5 1400581166.02
0000000000f9_0057 1400581463.54 13,5,1,1,1,1 81.63,82.35,6.76,3.79,3.29,3.36
0000000000f9_0058 1400581563.97 1,3,1,4,1,1 3.66,82.33,3.70,10.91,3.61,3.62
0000000000f9_0068 1400581514.11 90.77,33.09,9.96,5.53,3.16,3.14,3.23
0000000000f9_0065 1400581513.83 1,4,13,2,1,1 3.98,7.59,86.11,9.58,3.50,4.05
0000000000f9_00b5 1400581216.07
0000000000f9_0066 1400581363.82 3.34,87.43,3.67,3.14,3.01,4.03
0000000000f9_00b5 1400581266.12
0000000000f9_0047 1400580916.47 11,3,6,3,3 104.15,7.95,5.74,6.13,7.07
0000000000f9_0065 1400581563.88 1,4,13,2,1,1 3.98,7.59,86.11,9.58,3.50,4.05
0000000000f9_0057 1400581513.57 13,5,1,1,1,1 81.63,82.35,6.76,3.79,3.29,3.36
0000000000f9_0058 1400581614.01 1,3,1,4,1,1 3.83,82.33,3.32,6.17,3.63,3.90
0000000000f9_0091 1400580917.07 10,10,6,1,1 92.51,87.33,8.22,5.73,5.23
0000000000f9_00b5 1400581316.17
0000000000f9_0066 1400581413.86 3.34,87.43,3.67,3.14,3.01,4.12
0000000000f9_004d 1400580867.01
0000000000f9_0047 1400580966.52 11,3,6,3,3 104.15,7.95,5.74,6.13,7.07
0000000000f9_00b5 1400581366.22
0000000000f9_0068 1400581564.15 90.77,33.09,9.96,5.53,3.16,3.14,3.23
0000000000f9_0092 1400580916.55 10,10,6,1 99.05,87.81,8.41,5.68
0000000000f9_0065 1400581613.93 1,4,13,2,1,1 3.98,29.19,90.19,9.58,3.50,4.05
0000000000f9_0091 1400580967.12 10,10,6,1,1 92.51,87.33,8.22,5.73,5.23
0000000000f9_0090 1400580916.6 10,7,10,3,10 91.21,14.63,86.95,5.18,86.60
0000000000f9_0057 1400581563.61 13,5,1,1,1,1 81.63,82.35,6.76,3.79,3.29,3.36
0000000000f9_00b5 1400581416.27
0000000000f9_0066 1400581463.91 3.44,91.91,3.69,3.02,3.19,4.12
0000000000f9_003a 1400580914.14 4,2,2,2 13.26,7.41,6.82,7.97
0000000000f9_0047 1400581016.56 11,3,6,3,3 104.15,7.95,5.74,6.13,7.07
0000000000f9_0092 1400580966.6 10,10,6,1 99.05,87.81,8.41,5.68
0000000000f9_00b5 1400581466.32
0000000000f9_0091 1400581017.17 10,10,6,1,1 92.51,87.33,8.22,5.73,5.23
0000000000f9_0068 1400581614.2 92.72,33.09,9.96,5.53,3.36,3.58,3.63
0000000000f9_0051 1400580867.47
0000000000f9_00b5 1400581516.37
0000000000f9_0066 1400581513.94 3.44,91.91,3.69,3.02,3.19,4.12
0000000000f9_0057 1400581613.66 13,5,1,1,1,1 88.03,85.83,3.29,3.79,3.29,3.30
0000000000f9_0090 1400580966.63 10,7,10,3,10 91.21,14.63,86.95,5.18,86.60
0000000000f9_0047 1400581066.61 11,3,6,3,3 96.28,5.33,5.68,6.13,7.07
0000000000f9_0092 1400581016.64 10,10,6,1 99.05,87.81,8.41,5.68
0000000000f9_004d 1400580917.07 13,6,6,6 92.64,7.47,8.11,7.87
0000000000f9_0091 1400581067.21 10,10,6,1,1 88.27,88.83,8.22,4.64,5.23
0000000000f9_00b5 1400581566.42
0000000000f9_0093 1400580866.49
0000000000f9_0047 1400581116.66 11,3,6,3,3 96.28,5.33,5.68,6.13,7.02
0000000000f9_00b5 1400581616.47
0000000000f9_0090 1400581016.68 10,7,10,3,10 91.21,14.63,86.95,5.18,86.60
0000000000f9_0091 1400581117.26 10,10,6,1,1 88.27,88.83,8.22,4.64,4.71
0000000000f9_004d 1400580967.08 13,6,6,6 92.64,7.47,8.11,7.87
0000000000f9_0092 1400581066.69 13,10,10,6,1 18.18,99.05,87.03,8.41,4.56
0000000000f9_0047 1400581166.69 11,3,6,3,3 96.28,5.33,5.68,6.13,7.02
0000000000f9_004d 1400581017.1 13,6,6,6 92.64,7.47,8.11,7.87
0000000000f9_0090 1400581066.7 10,7,10,3,10 91.21,14.63,95.19,5.31,96.22
0000000000f9_0091 1400581167.31 10,10,6,1,1 88.27,88.83,8.22,4.64,4.71
0000000000f9_0092 1400581116.7 13,10,10,6,1 18.18,99.05,87.03,8.41,4.56
0000000000f9_00bf 1400580866.79
0000000000f9_004d 1400581067.14 13,6,6,6 92.64,7.47,7.70,7.85
0000000000f9_0047 1400581216.74 11,3,6,3,3 96.28,5.33,5.68,6.13,7.02
0000000000f9_0090 1400581116.74 10,7,10,3,10 91.21,13.76,95.19,5.31,96.22
0000000000f9_0091 1400581217.37 10,10,6,1,1 88.27,88.83,8.22,4.64,4.71
0000000000f9_0092 1400581166.76 13,10,10,6,1 18.18,99.05,87.03,8.41,4.56
0000000000f9_004d 1400581117.18 13,6,6,6 88.45,6.93,7.70,7.85
0000000000f9_0047 1400581266.79 11,3,6,3,3 95.13,5.07,5.28,6.13,5.16
0000000000f9_0091 1400581267.4 10,10,6,1,1 107.52,89.43,8.22,4.48,4.59
0000000000f9_003a 1400580964.19 4,2,2,2 13.26,7.41,6.82,7.97
0000000000f9_0090 1400581166.79 10,7,10,3,10 91.21,13.76,95.19,5.31,96.22
0000000000f9_0092 1400581216.81 13,10,10,6,1 18.18,99.05,87.03,8.41,4.56
0000000000f9_004d 1400581167.23 13,6,6,6 88.45,6.93,7.70,7.85
0000000000f9_0066 1400581563.98 3.44,91.91,3.69,3.02,3.19,4.12
0000000000f9_0066 1400581613.99 3.28,92.18,3.85,3.02,3.19,5.56
0000000000f9_0093 1400580916.55 10,10,1,1 96.29,92.65,5.06,13.22
0000000000f9_0047 1400581316.84 11,3,6,3,3 95.13,5.07,5.28,6.13,5.16
0000000000f9_0091 1400581317.45 10,10,6,1,1 107.52,89.43,8.22,4.48,4.59
0000000000f9_0051 1400580917.53 14,8,8,8,6 25.31,86.59,95.38,91.72,15.34
0000000000f9_0090 1400581216.83 10,7,10,3,10 91.21,13.76,95.19,5.31,96.22
0000000000f9_004d 1400581217.28 13,6,6,6 88.45,6.93,7.70,7.85
0000000000f9_0092 1400581266.86 13,10,10,6,1 13.10,99.05,86.99,8.41,5.73
0000000000f9_0093 1400580966.6 10,10,1,1 96.29,92.65,5.06,13.22
0000000000f9_0047 1400581366.89 11,3,6,3,3 95.13,5.07,5.28,6.13,5.16
0000000000f9_0091 1400581367.5 10,10,6,1,1 107.52,89.43,8.22,4.48,4.59
0000000000f9_004d 1400581267.33 13,6,6,6 88.45,6.57,7.84,6.79
0000000000f9_0090 1400581266.89 10,7,10,3,10 91.21,12.80,86.14,5.29,87.39
0000000000f9_0093 1400581016.62 10,10,1,1 96.29,92.65,5.06,13.22
0000000000f9_00bf 1400580916.83 13,13,6,6,6 86.42,88.57,4.11,5.54,5.51
0000000000f9_0092 1400581316.86 13,10,10,6,1 13.10,99.05,86.99,8.41,5.73
0000000000f9_0047 1400581416.94 11,3,6,3,3 87.20,5.07,5.28,6.13,5.16
0000000000f9_00bf 1400580966.84 13,13,6,6,6 86.42,88.57,4.11,5.54,5.51
0000000000f9_0091 1400581417.55 10,10,6,1,1 85.35,89.43,8.22,4.48,4.59
0000000000f9_00bf 1400581016.88 13,13,6,6,6 86.42,88.57,4.11,5.54,5.51
0000000000f9_004d 1400581317.36 13,6,6,6 88.45,6.57,7.84,6.79
0000000000f9_0050 1400580867.12
0000000000f9_0051 1400580967.56 14,8,8,8,6 25.31,86.59,95.38,91.72,15.34
0000000000f9_0093 1400581066.62 10,10,1,1 96.22,88.85,5.06,13.22
0000000000f9_0092 1400581366.91 13,10,10,6,1 13.10,99.05,86.99,8.41,5.73
0000000000f9_0090 1400581316.93 10,7,10,3,10 91.21,12.80,86.14,5.29,87.39
0000000000f9_0047 1400581466.99 11,3,6,3,3 87.20,5.15,5.23,6.13,5.13
0000000000f9_004d 1400581367.42 13,6,6,6 88.45,6.57,7.84,6.79
0000000000f9_0091 1400581467.56 10,10,6,1,1 85.35,85.86,8.22,4.56,4.37
0000000000f9_0093 1400581116.67 10,10,1,1 96.22,88.85,4.63,4.79
0000000000f9_0092 1400581416.96 13,10,10,6,1 13.10,99.05,86.99,8.41,4.64
0000000000f9_0047 1400581517.04 11,3,6,3,3 87.20,5.15,5.23,6.13,5.13
0000000000f9_004d 1400581417.47 13,6,6,6 88.45,6.57,7.84,6.79
0000000000f9_0090 1400581366.99 10,7,10,3,10 91.21,12.80,86.14,5.29,87.39
0000000000f9_0093 1400581166.72 10,10,1,1 96.22,88.85,4.63,4.79
0000000000f9_0091 1400581517.56 10,10,6,1,1 85.35,85.86,8.22,4.56,4.37
0000000000f9_0051 1400581017.58 14,8,8,8,6 25.31,86.59,95.38,91.72,15.34
0000000000f9_0047 1400581567.09 11,3,6,3,3 87.20,5.15,5.23,6.13,5.13
0000000000f9_0092 1400581467.01 13,10,10,6,1 13.55,85.75,87.71,8.41,4.64
0000000000f9_003a 1400581014.25 4,2,2,2 13.26,7.41,6.82,7.97
0000000000f9_004d 1400581467.49 13,6,6,6 88.45,6.81,8.29,6.46
0000000000f9_0093 1400581216.78 10,10,1,1 96.22,88.85,4.63,4.79
0000000000f9_0090 1400581417.04 10,7,10,3,10 91.21,12.80,87.27,5.29,87.39
0000000000f9_0091 1400581567.6 10,10,6,1,1 85.35,85.86,8.22,4.56,4.37
0000000000f9_0047 1400581617.14 11,3,6,3,3 89.83,5.38,5.62,6.13,5.12
0000000000f9_004d 1400581517.53 13,6,6,6 88.45,6.81,8.29,6.46
0000000000f9_0092 1400581517.06 13,10,10,6,1 13.55,85.75,87.71,8.41,4.64
0000000000f9_0093 1400581266.82 10,10,1,1 90.93,85.96,4.52,4.46
0000000000f9_0090 1400581467.09 10,7,10,3,10 91.21,9.52,87.27,5.51,89.17
0000000000f9_0091 1400581617.64 10,10,6,1,1 90.67,91.19,8.22,4.97,4.34
0000000000f9_0051 1400581067.63 14,8,8,8,6 17.20,91.78,89.49,91.72,15.34
0000000000f9_00bf 1400581066.93 13,12,13,6,6,6 86.42,18.90,92.03,4.70,5.54,4.75
0000000000f9_004d 1400581567.53 13,6,6,6 88.45,6.81,8.29,6.46
0000000000f9_0093 1400581316.87 10,10,1,1 90.93,85.96,4.52,4.46
0000000000f9_0092 1400581567.08 13,10,10,6,1 13.55,85.75,87.71,8.41,4.64
0000000000f9_00bf 1400581116.94 13,12,13,6,6,6 86.42,18.90,92.03,4.70,5.07,4.75
0000000000f9_0090 1400581517.13 10,7,10,3,10 91.21,9.52,87.27,5.51,89.17
0000000000f9_00bf 1400581166.97 13,12,13,6,6,6 86.42,18.90,92.03,4.70,5.07,4.75
0000000000f9_00bf 1400581217.03 13,12,13,6,6,6 86.42,18.90,92.03,4.70,5.07,4.75
0000000000f9_004d 1400581617.54 13,6,6,6 88.45,6.81,7.56,7.75
0000000000f9_0093 1400581366.92 10,10,1,1 90.93,85.96,4.52,4.46
0000000000f9_00bf 1400581267.07 13,12,13,6,6,6 86.42,25.55,85.95,4.65,5.21,5.14
0000000000f9_0092 1400581617.1 13,10,10,6,1 20.46,89.30,96.48,8.41,4.77
0000000000f9_00bf 1400581317.09 13,12,13,6,6,6 86.42,25.55,85.95,4.65,5.21,5.14
0000000000f9_0051 1400581117.68 14,8,8,8,6 17.20,91.78,89.49,91.28,15.34
0000000000f9_0090 1400581567.16 10,7,10,3,10 91.21,9.52,87.27,5.51,89.17
0000000000f9_00bf 1400581367.13 13,12,13,6,6,6 86.42,25.55,85.95,4.65,5.21,5.14
0000000000f9_0093 1400581416.97 10,10,1,1 90.93,85.96,4.52,4.46
0000000000f9_0050 1400580917.18 15,17,7,13,5,7 126.45,137.60,13.97,29.88,14.98,11.99
0000000000f9_00bf 1400581417.18 13,12,13,6,6,6 86.42,25.55,86.53,4.65,5.21,6.57
0000000000f9_00bf 1400581467.23 13,13,6,6,6 86.42,86.53,4.85,4.94,6.57
0000000000f9_00bf 1400581517.27 13,13,6,6,6 86.42,86.53,4.85,4.94,6.57
0000000000f9_0090 1400581617.2 10,7,10,3,10 91.21,12.76,98.90,5.60,95.27
0000000000f9_0093 1400581467.01 10,10,1,1 91.04,85.58,4.72,5.39
0000000000f9_00bf 1400581567.31 13,13,6,6,6 86.42,86.53,4.85,4.94,6.57
0000000000f9_00bf 1400581617.35 13,13,6,6,6 86.42,100.34,4.81,5.07,5.86
0000000000f9_0093 1400581517.04 10,10,1,1 91.04,85.58,4.72,5.39
0000000000f9_0051 1400581167.73 14,8,8,8,6 17.20,91.78,89.49,91.28,15.34
0000000000f9_0050 1400580967.2 15,17,7,13,5,7 126.45,137.60,13.97,29.88,14.98,11.99
0000000000f9_0093 1400581567.07 10,10,1,1 91.04,85.58,4.72,5.39
0000000000f9_0093 1400581617.12 10,10,1,1 105.31,90.56,4.72,5.39
0000000000f9_0051 1400581217.76 14,8,8,8,6 17.20,91.78,89.49,91.28,15.34
0000000000f9_0050 1400581017.24 15,17,7,13,5,7 126.45,137.60,13.97,29.88,14.98,11.99
0000000000f9_0051 1400581267.81 14,8,8,8,6 17.20,89.37,88.16,88.64,15.34
0000000000f9_004f 1400580876.31
0000000000f9_003a 1400581064.31 11,4,2,2,2 88.86,13.26,6.69,6.82,7.97
0000000000f9_0050 1400581067.27 15,17,7,13,5,7 126.45,137.60,13.97,29.88,16.27,11.43
0000000000f9_0051 1400581317.86 14,8,8,8,6 17.20,89.37,88.16,88.64,15.34
0000000000f9_0050 1400581117.3 15,17,7,13,5,7 126.45,108.20,13.97,29.88,16.27,11.43
0000000000f9_004f 1400580926.31 5,5,11,5,11 94.99,86.27,17.84,86.64,16.23
0000000000f9_0051 1400581367.9 14,8,8,8,6 17.20,89.37,88.16,88.64,15.34
0000000000f9_004f 1400580976.36 5,5,11,5,11 94.99,86.27,17.84,86.64,16.23
0000000000f9_00a3 1400581163.15 10,1,1,1,1,1 1384.76,1.21,3.72,2.68,1.80,1.76
0000000000f9_0050 1400581167.35 15,17,7,13,5,7 126.45,108.20,13.97,29.88,16.27,11.43
0000000000f9_0051 1400581417.95 14,8,8,8,6 17.20,89.37,88.16,88.64,15.34
0000000000f9_004f 1400581026.41 5,5,11,5,11 94.99,86.27,17.84,86.64,16.23
0000000000f9_00a3 1400581213.2 10,1,1,1,1,1 1384.76,1.21,3.72,2.68,1.80,1.76
0000000000f9_00a3 1400581263.24 10,1,1,1,1,1 1384.76,1.71,3.72,1.85,1.73,1.84
0000000000f9_003a 1400581114.37 11,4,2,2,2 88.86,13.26,6.69,6.51,8.00
0000000000f9_00a3 1400581313.29 10,1,1,1,1,1 1384.76,1.71,3.72,1.85,1.73,1.84
0000000000f9_004f 1400581076.46 5,5,11,5,11 94.99,94.68,13.22,84.25,16.23
0000000000f9_00a3 1400581363.34 10,1,1,1,1,1 1986.51,1.71,3.72,1.85,1.73,1.84
0000000000f9_0050 1400581217.41 15,17,7,13,5,7 126.45,108.20,13.97,29.88,16.27,11.43
0000000000f9_0051 1400581467.99 14,8,8,8,6 17.20,96.86,89.57,88.54,15.34
0000000000f9_00a3 1400581413.38 10,1,1,1,1,1 1986.51,1.71,3.72,2.05,1.73,1.84
0000000000f9_004f 1400581126.51 5,5,11,5,11 94.99,94.68,13.22,84.25,21.88
0000000000f9_00a3 1400581463.42 10,1,1,1,1,1 1986.51,2.12,3.72,2.05,1.88,1.90
0000000000f9_00a3 1400581513.47 10,1,1,1,1,1 1986.51,2.12,3.72,2.05,1.88,1.90
0000000000f9_00a3 1400581563.52 10,1,1,1,1,1 1241.47,2.12,3.72,2.05,1.88,1.90
0000000000f9_00a3 1400581613.56 10,1,1,1,1,1 1241.47,1.59,3.72,1.96,2.08,1.75
0000000000f9_004f 1400581176.52 5,5,11,5,11 94.99,94.68,13.22,84.25,21.88
0000000000f9_0051 1400581518.02 14,8,8,8,6 17.20,96.86,89.57,88.54,15.34
0000000000f9_0050 1400581267.46 15,17,7,13,5,7 126.45,139.87,13.97,29.88,11.59,10.82
0000000000f9_004f 1400581226.57 5,5,11,5,11 94.99,94.68,13.22,84.25,21.88
0000000000f9_004f 1400581276.63 5,5,11,5,11 94.99,86.60,12.35,86.51,13.55
0000000000f9_0051 1400581568.07 14,8,8,8,6 17.20,96.86,89.57,88.54,15.34
0000000000f9_0050 1400581317.51 15,17,7,13,5,7 126.45,139.87,13.97,29.88,11.59,10.82
0000000000f9_004f 1400581326.68 5,5,11,5,11 94.99,86.60,12.35,86.51,13.55
0000000000f9_003a 1400581164.42 11,4,2,2,2 88.86,13.26,6.69,6.51,8.00
0000000000f9_0051 1400581618.11 14,8,8,8,6 17.20,90.78,93.27,88.57,15.34
0000000000f9_0050 1400581367.56 15,17,7,13,5,7 126.45,139.87,13.97,29.88,11.59,10.82
0000000000f9_0050 1400581417.61 15,17,7,13,5,7 126.45,139.87,13.97,29.88,14.39,10.82
0000000000f9_0050 1400581467.66 15,17,7,13,5,7 126.45,95.95,13.97,29.88,14.39,9.97
0000000000f9_003a 1400581214.48 11,4,2,2,2 88.86,13.26,6.69,6.51,8.00
0000000000f9_004f 1400581376.73 5,5,11,5,11 94.99,86.60,12.35,86.51,13.55
0000000000f9_004f 1400581426.78 5,5,11,5,11 94.99,89.08,12.35,86.51,13.55
0000000000f9_004f 1400581476.81 5,5,11,5,11 94.99,89.08,10.51,88.57,18.38
0000000000f9_004f 1400581526.83 5,5,11,5,11 94.99,89.08,10.51,88.57,18.38
0000000000f9_004f 1400581576.85 5,5,11,5,11 94.99,89.08,10.51,88.57,18.38
0000000000f9_0050 1400581517.71 15,17,7,13,5,7 126.45,95.95,13.97,29.88,14.39,9.97
0000000000f9_004f 1400581626.88 5,5,11,5,11 94.99,92.59,19.69,85.90,18.26
0000000000f9_0050 1400581567.76 15,17,7,13,5,7 126.45,95.95,13.97,29.88,14.39,9.97
0000000000f9_0050 1400581617.82 15,17,7,13,5,7 126.45,102.17,13.97,29.88,21.82,10.12
0000000000f9_003a 1400581264.54 11,4,2,2,2 88.86,13.26,6.69,7.34,8.15
0000000000f9_003a 1400581314.6 11,4,2,2,2 88.86,13.26,6.69,7.34,8.15
0000000000f9_003a 1400581364.65 11,4,2,2,2 88.86,13.26,6.69,7.34,8.15
0000000000f9_003a 1400581414.71 11,4,2,2,2 88.86,13.26,6.69,7.34,8.15
0000000000f9_0007 1400580911.76 4,3,4,4,13,4 13.59,11.61,7.59,8.87,92.99,10.85
0000000000f9_0096 1400580913.25 4,4,4,4,4 9.10,10.50,9.18,8.62,7.83
0000000000f9_0007 1400580961.8 4,3,4,4,13,4 13.59,11.61,7.59,8.87,92.99,10.85
0000000000f9_001c 1400580912.73 4,3,4,4 17.08,26.01,16.71,14.91
0000000000f9_003a 1400581464.77 11,4,2,2,2 88.86,12.27,6.69,6.97,8.76
0000000000f9_0096 1400580963.3 4,4,4,4,4 9.10,10.50,9.18,8.62,7.83
0000000000f9_0007 1400581011.85 4,3,4,4,13,4 13.59,11.61,7.59,8.87,92.99,10.85
0000000000f9_00ab 1400581063.4 1,4,1,1,1,1 4.75,84.37,2.14,3.79,2.09,3.87
0000000000f9_001c 1400580962.78 4,3,4,4 17.08,26.01,16.71,14.91
0000000000f9_00ab 1400581113.42 1,4,1,1,1,1 4.75,84.37,1.05,3.79,2.09,6.07
0000000000f9_0007 1400581061.87 4,3,4,4,13,4 7.58,11.61,7.59,6.70,92.99,10.57
0000000000f9_00ab 1400581163.43 1,4,1,1,1,1 4.75,84.37,1.05,3.79,2.09,6.07
0000000000f9_0096 1400581013.31 4,4,4,4,4 9.10,10.50,9.18,8.62,7.83
0000000000f9_001c 1400581012.82 4,3,4,4 17.08,26.01,16.71,14.91
0000000000f9_00ab 1400581213.5 1,4,1,1,1,1 4.75,84.37,1.05,3.79,2.09,6.07
0000000000f9_0007 1400581111.9 4,3,4,4,13,4 7.58,25.84,16.47,6.70,125.10,10.57
0000000000f9_00ab 1400581263.55 1,4,1,1,1,1 4.75,88.56,1.70,1.69,1.86,3.51
0000000000f9_0096 1400581063.36 4,4,4,4,4 7.91,8.47,7.52,8.62,7.83
0000000000f9_001c 1400581062.87 4,3,4,4 10.73,26.01,11.45,12.63
0000000000f9_00ab 1400581313.59 1,4,1,1,1,1 4.75,88.56,1.70,1.69,1.86,3.51
0000000000f9_0007 1400581161.95 4,3,4,4,13,4 7.58,25.84,16.47,6.70,125.10,10.57
0000000000f9_003f 1400580913.15 3,4,5,4,4 37.72,7.55,43.40,9.54,8.85
0000000000f9_00ab 1400581363.64 1,4,1,1,1,1 4.75,88.56,1.70,1.69,1.86,3.51
0000000000f9_001c 1400581112.88 4,3,4,4 10.73,18.29,11.45,12.63
0000000000f9_0096 1400581113.38 4,4,4,4,4 7.91,8.47,7.52,15.56,27.59
0000000000f9_00ab 1400581413.69 1,4,1,1,1,1 4.75,88.56,1.70,2.26,1.86,3.51
0000000000f9_0007 1400581212.01 4,3,4,4,13,4 7.58,25.84,16.47,6.70,125.10,10.57
0000000000f9_003f 1400580963.2 3,4,5,4,4 37.72,7.55,43.40,9.54,8.85
0000000000f9_00ab 1400581463.73 1,4,1,1,1,1 4.75,78.68,1.66,2.26,1.87,3.47
0000000000f9_001c 1400581162.93 4,3,4,4 10.73,18.29,11.45,12.63
0000000000f9_00ab 1400581513.75 1,4,1,1,1,1 4.75,78.68,1.66,2.26,1.87,3.47
0000000000f9_0096 1400581163.43 4,4,4,4,4 7.91,8.47,7.52,15.56,27.59
0000000000f9_0007 1400581262.06 4,3,4,4,13,4 6.55,7.44,6.35,6.65,108.96,6.57
0000000000f9_003f 1400581013.22 3,4,5,4,4 37.72,7.55,43.40,9.54,8.85
0000000000f9_00ab 1400581563.8 1,4,1,1,1,1 4.75,78.68,1.66,2.26,1.87,3.47
0000000000f9_001c 1400581212.98 4,3,4,4 10.73,18.29,11.45,12.63
0000000000f9_00ab 1400581613.83 1,4,1,1,1,1 4.75,84.66,1.66,1.96,1.77,3.83
0000000000f9_0079 1400580923.88 4,4,4 45.49,25.64,34.73
0000000000f9_0007 1400581312.11 4,3,4,4,13,4 6.55,7.44,6.35,6.65,108.96,6.57
0000000000f9_003f 1400581063.27 3,4,5,4,4 37.72,7.55,43.40,34.20,6.12
0000000000f9_0096 1400581213.48 4,4,4,4,4 7.91,8.47,7.52,15.56,27.59
0000000000f9_001c 1400581263.03 4,3,4,4 10.56,15.06,14.16,15.87
0000000000f9_0007 1400581362.16 4,3,4,4,13,4 6.55,7.44,6.35,6.65,108.96,6.57
0000000000f9_003f 1400581113.3 3,4,5,4,4 37.72,18.49,48.59,34.20,6.12
0000000000f9_0096 1400581263.5 4,4,4,4,4 8.40,8.54,100.43,6.11,68.36
0000000000f9_001c 1400581313.03 4,3,4,4 10.56,15.06,14.16,15.87
0000000000f9_003a 1400581514.83 11,4,2,2,2 88.86,12.27,6.69,6.97,8.76
0000000000f9_0007 1400581412.21 4,3,4,4,13,4 6.55,7.44,6.35,5.31,108.96,6.57
0000000000f9_003f 1400581163.35 3,4,5,4,4 37.72,18.49,48.59,34.20,6.12
0000000000f9_0096 1400581313.55 4,4,4,4,4 8.40,8.54,100.43,6.11,68.36
0000000000f9_001c 1400581363.08 4,3,4,4 10.56,15.06,14.16,15.87
0000000000f9_0079 1400580973.94 4,4,4 45.49,25.64,34.73
0000000000f9_0007 1400581462.22 4,3,4,4,4 8.98,31.54,5.54,5.31,9.59
0000000000f9_003f 1400581213.4 3,4,5,4,4 37.72,18.49,48.59,34.20,6.12
0000000000f9_001c 1400581413.13 4,3,4,4 10.56,15.06,14.16,14.31
0000000000f9_0096 1400581363.6 4,4,4,4,4 8.40,8.54,100.43,6.11,68.36
0000000000f9_0007 1400581512.26 4,3,4,4,4 8.98,31.54,5.54,5.31,9.59
0000000000f9_003f 1400581263.44 3,4,5,4,4 9.61,16.95,48.59,12.76,452.63
0000000000f9_001c 1400581463.15 4,3,4,4 14.46,15.55,19.62,14.31
0000000000f9_0007 1400581562.28 4,3,4,4,4 8.98,31.54,5.54,5.31,9.59
0000000000f9_0096 1400581413.65 4,4,4,4,4 19.35,8.54,100.43,6.11,68.36
0000000000f9_003f 1400581313.49 3,4,5,4,4 9.61,16.95,41.22,12.76,452.63
0000000000f9_001c 1400581513.19 4,3,4,4 14.46,15.55,19.62,14.31
0000000000f9_0079 1400581024.0 4,4,4 45.49,25.64,34.73
0000000000f9_0096 1400581463.7 4,4,4,4,4 19.35,7.88,6.58,8.48,28.12
0000000000f9_003f 1400581363.52 3,4,5,4,4 9.61,16.95,41.22,12.76,452.63
0000000000f9_001c 1400581563.24 4,3,4,4 14.46,15.55,19.62,14.31
0000000000f9_0096 1400581513.75 4,4,4,4,4 19.35,7.88,6.58,8.48,28.12
0000000000f9_001c 1400581613.29 3,4,4 15.55,13.40,14.39
0000000000f9_003f 1400581413.57 3,4,5,4,4 9.61,16.95,41.22,11.21,452.63
0000000000f9_0079 1400581074.06 4,4,4 45.49,47.75,34.73
0000000000f9_003f 1400581463.62 4,5,4,4 5.86,64.72,11.21,10.01
0000000000f9_0096 1400581563.8 4,4,4,4,4 19.35,7.88,6.58,8.48,28.12
0000000000f9_003a 1400581564.88 11,4,2,2,2 88.86,12.27,6.69,6.97,8.76
0000000000f9_003f 1400581513.67 4,5,4,4 5.86,64.72,11.21,10.01
0000000000f9_0096 1400581613.83 4,4,4,4,4 8.06,6.82,162.37,9.02,28.12
0000000000f9_003f 1400581563.68 4,5,4,4 5.86,64.72,11.21,10.01
0000000000f9_0079 1400581124.11 4,4,4 45.49,47.75,213.26
0000000000f9_003f 1400581613.73 4,5,4,4 5.86,64.72,9.56,57.64
0000000000f9_0079 1400581174.17 4,4,4 45.49,47.75,213.26
0000000000f9_0079 1400581224.23 4,4,4 45.49,47.75,213.26
0000000000f9_003a 1400581614.94 11,4,2,2,2 88.86,12.27,6.69,6.97,8.76
0000000000f9_0079 1400581274.29 4,4,4 45.49,27.40,47.18
0000000000f9_0079 1400581324.35 4,4,4 45.49,27.40,47.18
0000000000f9_0079 1400581374.4 4,4,4 45.49,27.40,47.18
0000000000f9_0079 1400581424.46 4,4,4 45.49,27.40,47.18
0000000000f9_0079 1400581474.52 4,4,4 45.49,199.43,40.15
0000000000f9_0079 1400581524.58 4,4,4 45.49,199.43,40.15
0000000000f9_0079 1400581574.64 4,4,4 45.49,199.43,40.15
0000000000f9_0079 1400581624.69 4,4,4 55.65,58.24,40.15
0000000000f9_0052 1400580912.99 5,4,15,4,4,4 11.01,9.48,91.74,37.48,14.71,6.33
0000000000f9_0052 1400580963.04 5,4,15,4,4,4 11.01,9.48,91.74,37.48,14.71,6.33
0000000000f9_0052 1400581013.09 5,4,15,4,4,4 11.01,9.48,91.74,37.48,14.71,6.33
0000000000f9_0052 1400581063.09 5,4,15,4,4,4 41.20,6.04,91.74,37.48,14.71,6.33
0000000000f9_0052 1400581113.15 5,4,15,4,4,4 41.20,6.04,107.42,37.48,40.57,31.89
0000000000f9_0052 1400581163.2 5,4,15,4,4,4 41.20,6.04,107.42,37.48,40.57,31.89
0000000000f9_0052 1400581213.24 5,4,15,4,4,4 41.20,6.04,107.42,37.48,40.57,31.89
0000000000f9_0007 1400581612.33 4,3,4,4,4,4 6.01,31.54,5.54,4.86,23.90,6.82
0000000000f9_0052 1400581263.26 4,15,4,4,4 8.09,88.07,37.48,19.99,28.31
0000000000f9_0052 1400581313.31 4,15,4,4,4 8.09,88.07,37.48,19.99,28.31
0000000000f9_0052 1400581363.35 4,15,4,4,4 8.09,88.07,37.48,19.99,28.31
0000000000f9_0052 1400581413.39 4,15,4,4,4 8.09,88.07,37.48,19.99,28.31
0000000000f9_0052 1400581463.42 4,15,4,4,4 13.75,93.51,37.48,7.92,15.46
0000000000f9_0052 1400581513.42 4,15,4,4,4 13.75,93.51,37.48,7.92,15.46
0000000000f9_00b0 1400580895.75
0000000000f9_00b0 1400580945.8
0000000000f9_00bc 1400580916.17 4,4,10,12,7 81.34,81.07,35.59,11.11,10.08
0000000000f9_00b0 1400580995.83
0000000000f9_0052 1400581563.46 4,15,4,4,4 13.75,93.51,37.48,7.92,15.46
0000000000f9_0052 1400581613.51 4,15,4,4,4 13.38,89.69,37.48,7.92,15.46
0000000000f9_00bc 1400580966.21 4,4,10,12,7 81.34,81.07,35.59,11.11,10.08
0000000000f9_00b0 1400581045.88
0000000000f9_00b0 1400581095.92
0000000000f9_00bc 1400581016.26 4,4,10,12,7 81.34,81.07,35.59,11.11,10.08
0000000000f9_00b0 1400581145.97
0000000000f9_00b0 1400581196.02
0000000000f9_00b0 1400581246.07
0000000000f9_00b0 1400581296.12
0000000000f9_00b0 1400581346.16
0000000000f9_00b0 1400581396.2
0000000000f9_00b0 1400581446.25
0000000000f9_00b0 1400581496.31
0000000000f9_00b0 1400581546.35
0000000000f9_00bc 1400581066.28 4,4,10,12,7 82.69,81.07,35.59,20.50,22.30
0000000000f9_00b0 1400581596.4
0000000000f9_00b0 1400581646.45
0000000000f9_00bc 1400581116.3 4,4,10,12,7 82.69,80.85,43.91,20.50,22.30
0000000000f9_00bc 1400581166.34 4,4,10,12,7 82.69,80.85,43.91,20.50,22.30
0000000000f9_00bc 1400581216.39 4,4,10,12,7 82.69,80.85,43.91,20.50,22.30
0000000000f9_00bc 1400581266.44 4,4,10,12,7 82.36,81.08,46.04,12.56,13.73
0000000000f9_00bc 1400581316.49 4,4,10,12,7 82.36,81.08,46.04,12.56,13.73
0000000000f9_00bc 1400581366.54 4,4,10,12,7 82.36,81.08,46.04,12.56,13.73
0000000000f9_00bc 1400581416.56 4,4,10,12,7 82.36,81.08,46.04,7.92,13.73
0000000000f9_00bc 1400581466.57 4,4,10,12,7 81.96,80.83,14.06,7.92,19.24
0000000000f9_00bc 1400581516.62 4,4,10,12,7 81.96,80.83,14.06,7.92,19.24
0000000000f9_00bc 1400581566.67 4,4,10,12,7 81.96,80.83,14.06,7.92,19.24
0000000000f9_00bc 1400581616.68 4,4,10,12,7 83.01,81.20,14.06,14.22,17.38
0000000000f9_007f 1400588226.11
0000000000f9_007f 1400588276.16
0000000000f9_007f 1400588326.21
0000000000f9_007f 1400588376.26
0000000000f9_00c6 1400580952.72
0000000000f9_007f 1400588426.31
0000000000f9_007f 1400588476.36
0000000000f9_007f 1400588526.41
0000000000f9_007f 1400588576.45
0000000000f9_007f 1400588626.5
0000000000f9_007f 1400588676.54
0000000000f9_007f 1400588726.59
0000000000f9_007f 1400588776.64
0000000000f9_007f 1400588826.69
0000000000f9_007f 1400588876.74
0000000000f9_007f 1400588926.77
0000000000f9_007f 1400588976.82
0000000000f9_007f 1400589026.87
0000000000f9_00c6 1400581002.73 10,10,10,10,10,10 1050.11,312.45,1088.92,1041.86,1024.42,1044.90
0000000000f9_00c6 1400581052.78 10,10,10,10,10,10 1050.11,312.45,1088.92,1041.86,1024.42,1044.90
0000000000f9_00c6 1400581102.83 10,10,10,10,10,10 1050.11,312.45,1088.92,1041.86,1024.42,1044.90
0000000000f9_00c6 1400581152.89 10,10,10,10,10,10 1050.11,312.45,1186.41,287.42,1024.42,1044.90
0000000000f9_00c6 1400581202.93 10,10,10,10,10,10 1050.11,1085.02,1186.41,287.42,1322.28,1304.80
0000000000f9_00c6 1400581252.97 10,10,10,10,10,10 1050.11,1085.02,1186.41,287.42,1322.28,1304.80
0000000000f9_00c6 1400581303.0 10,10,10,10,10,10 1050.11,1085.02,1186.41,287.42,1322.28,1304.80
0000000000f9_00c6 1400581353.05 10,10,10 1050.11,1514.24,1322.02
0000000000f9_00c6 1400581403.09 10,10,10 1050.11,1514.24,1322.02
0000000000f9_00c6 1400581453.15 10,10,10 1050.11,1514.24,1322.02
0000000000f9_00c6 1400581503.19 10,10,10 1050.11,1514.24,1322.02
0000000000f9_00c6 1400581553.23 10,10,10,10,10,10 1050.11,479.24,656.09,1156.64,649.78,485.91
0000000000f9_00c6 1400581603.28 10,10,10,10,10,10 1050.11,479.24,656.09,1156.64,649.78,485.91
0000000000f9_00c6 1400581653.32 10,10,10,10,10,10 1050.11,479.24,656.09,1156.64,649.78,485.91
0000000000f9_00c6 1400581703.37 10,10,10,10,10,10 1050.11,479.24,656.09,1156.64,649.78,485.91
0000000000f9_00c6 1400581753.41
0000000000f9_00c6 1400581803.47
0000000000f9_00c6 1400581853.52
0000000000f9_00c6 1400581903.52
0000000000f9_00c6 1400581953.57
0000000000f9_00c6 1400582003.62
0000000000f9_00c6 1400582053.67
