0000000000f9_00a9 1400579197.2
0000000000f9_00a3 1400579196.93
0000000000f9_0007 1400579195.78
0000000000f9_00aa 1400579196.13
0000000000f9_00a7 1400579197.25
0000000000f9_00a7 1400579247.3
0000000000f9_00aa 1400579246.18 1,1,1,1,1 4.10,2.37,4.16,1.86,4.93
0000000000f9_00a7 1400579297.34
0000000000f9_00a7 1400579347.39
0000000000f9_00aa 1400579296.22 1,1,1,1,1 4.10,2.37,4.16,1.86,4.93
0000000000f9_00a7 1400579397.43
0000000000f9_008c 1400579196.45
0000000000f9_00a7 1400579447.46
0000000000f9_00aa 1400579346.27 1,1,1,1,1 4.10,2.37,4.16,1.86,4.93
0000000000f9_00a7 1400579497.51
0000000000f9_00a7 1400579547.54
0000000000f9_00a7 1400579597.58
0000000000f9_00aa 1400579396.32 1,1,1,1,1 4.00,1.65,4.16,1.86,4.93
0000000000f9_00a7 1400579647.62
0000000000f9_00a7 1400579697.67
0000000000f9_00a7 1400579747.72
0000000000f9_00aa 1400579446.36 1,1,1,1,1 4.00,1.65,1.08,1.56,4.93
0000000000f9_00a7 1400579797.77
0000000000f9_0082 1400579196.52
0000000000f9_00a7 1400579847.8
0000000000f9_00aa 1400579496.4 1,1,1,1,1 4.00,1.65,1.08,1.56,4.93
0000000000f9_00a3 1400579246.98 11,1,1,2,1 110.48,3.31,4.20,4.28,2.12
0000000000f9_00a7 1400579897.84 1 6.17
0000000000f9_001c 1400579196.87
0000000000f9_00a7 1400579947.89 1 6.17
0000000000f9_00aa 1400579546.45 1,1,1,1,1 4.00,1.65,1.08,1.56,4.93
0000000000f9_00a7 1400579997.94 1 6.17
0000000000f9_00a9 1400579247.25 11,1,1,4,1 86.50,2.64,4.57,6.13,2.31
0000000000f9_00aa 1400579596.5 1,1,1,1,1 3.54,4.69,1.86,1.77,4.93
0000000000f9_00a7 1400580047.98 1 6.17
0000000000f9_00a4 1400579196.79
0000000000f9_00a8 1400579196.47
0000000000f9_00a3 1400579297.02 11,1,1,2,1 110.48,3.31,4.20,4.28,2.12
0000000000f9_00a7 1400580098.03 1 6.17
0000000000f9_00aa 1400579646.54 1,1,1,1,1 3.54,4.69,1.86,1.77,4.93
0000000000f9_00a7 1400580148.07 1 6.17
0000000000f9_001c 1400579246.9 4,4,4,4,4 13.10,14.08,18.06,16.08,13.13
0000000000f9_00a7 1400580198.12 1 5.00
0000000000f9_00ab 1400579196.65
0000000000f9_00a9 1400579297.3 11,1,1,4,1 86.50,2.64,4.57,6.13,2.31
0000000000f9_00aa 1400579696.59 1,1,1,1,1 3.54,4.69,1.86,1.77,4.93
0000000000f9_00a7 1400580248.17 1 5.00
0000000000f9_00a3 1400579347.07 11,1,1,2,1 110.48,3.31,4.20,4.28,2.12
0000000000f9_0076 1400579197.31
0000000000f9_00a7 1400580298.21 1 5.00
0000000000f9_0068 1400579197.15
0000000000f9_00aa 1400579746.62 1,1,1,1,1 3.54,4.69,1.86,1.77,4.93
0000000000f9_00a9 1400579347.33 11,1,1,4,1 86.50,2.64,4.57,6.13,2.31
0000000000f9_00a7 1400580348.25 1 5.00
0000000000f9_001c 1400579296.94 4,4,4,4,4 13.10,14.08,18.06,16.08,13.13
0000000000f9_00a3 1400579397.07 11,1,1,2,1 110.48,1.68,3.44,3.17,2.12
0000000000f9_0055 1400579196.87
0000000000f9_00a7 1400580398.27 1 5.00
0000000000f9_00aa 1400579796.67 1,1,1,1,1 3.57,2.09,1.81,1.80,4.93
0000000000f9_003f 1400579199.53
0000000000f9_00a9 1400579397.37 11,1,1,1,4,1 80.89,2.65,2.64,2.80,6.13,1.14
0000000000f9_0058 1400579196.65
0000000000f9_00aa 1400579846.72 1,1,1,1,1 3.57,2.09,1.81,1.80,4.93
0000000000f9_00a9 1400579447.4 11,1,1,1,4,1 80.89,2.65,2.64,2.80,6.13,1.14
0000000000f9_0065 1400579196.55
0000000000f9_001c 1400579347.0 4,4,4,4,4 13.10,14.08,18.06,16.08,13.13
0000000000f9_00a5 1400579196.66
0000000000f9_00a3 1400579447.12 11,1,1,2,1 110.48,1.68,3.44,3.17,2.12
0000000000f9_00a8 1400579246.51 4,1,4,1 5.82,4.00,6.66,2.86
0000000000f9_00aa 1400579896.77 1,1,1,1,1 3.57,2.09,1.81,1.80,4.93
0000000000f9_0068 1400579247.16 4.36,4.48,6.42,9.38,89.34,3.36
0000000000f9_00a3 1400579497.14 11,1,1,2,1 110.48,1.68,3.44,3.17,2.12
0000000000f9_00a9 1400579497.44 11,1,1,1,4,1 80.89,2.65,2.64,2.80,6.13,1.14
0000000000f9_0055 1400579246.9 1,11,2,1 5.61,84.99,7.00,3.47
0000000000f9_0066 1400579196.42
0000000000f9_0056 1400579196.91
0000000000f9_00aa 1400579946.82 1,1,1,1,1 3.58,1.75,1.80,1.80,4.93
0000000000f9_0079 1400579197.98
0000000000f9_0057 1400579196.57
0000000000f9_001c 1400579397.05 4,4,4,4,4 13.10,14.08,22.03,11.80,9.59
0000000000f9_00a3 1400579547.18 11,1,1,2,1 110.48,1.68,3.44,3.17,2.12
0000000000f9_00a8 1400579296.56 4,1,4,1 5.82,4.00,6.66,2.86
0000000000f9_00a9 1400579547.49 11,1,1,1,4,1 80.89,2.65,2.64,2.80,6.13,1.14
0000000000f9_00aa 1400579996.84 1,1,1,1,1 3.58,1.75,1.80,1.81,4.93
0000000000f9_0082 1400579246.56 2,4,11,2,2 4.20,12.15,88.00,3.92,3.76
0000000000f9_0055 1400579296.94 1,11,2,1 5.61,84.99,7.00,3.47
0000000000f9_00a3 1400579597.22 11,1,1,2,1 110.48,2.07,4.19,3.62,2.12
0000000000f9_00a8 1400579346.57 4,1,4,1 5.82,4.00,6.66,2.86
0000000000f9_00a9 1400579597.54 11,1,1,1,4,1 81.36,2.99,2.64,3.31,6.13,1.59
0000000000f9_00ab 1400579246.7 2,4,4,1,1 11.95,6.36,6.27,2.61,2.34
0000000000f9_00aa 1400580046.89 1,1,1,1,1 3.58,1.75,1.80,1.81,4.93
0000000000f9_0058 1400579246.69 1,1,1,1,4,1 7.01,4.69,5.82,4.38,13.89,3.78
0000000000f9_0068 1400579297.19 4.36,4.48,6.42,9.38,89.34,3.36
0000000000f9_001c 1400579447.1 4,4,4,4,4 26.47,10.35,22.03,11.80,9.59
0000000000f9_00a3 1400579647.27 11,1,1,2,1 110.48,2.07,4.19,3.62,2.12
0000000000f9_0066 1400579246.44 4.64,106.80,4.72,5.30,3.44
0000000000f9_00aa 1400580096.93 1,1,1,1,1 3.58,1.75,1.80,1.81,4.93
0000000000f9_00a9 1400579647.58 11,1,1,1,4,1 81.36,2.99,2.64,3.31,6.13,1.59
0000000000f9_0082 1400579296.61 2,4,11,2,2 4.20,12.15,88.00,3.92,3.76
0000000000f9_0055 1400579346.99 1,11,2,1 5.61,84.99,7.00,3.47
0000000000f9_00a3 1400579697.32 11,1,1,2,1 110.48,2.07,4.19,3.62,2.12
0000000000f9_003a 1400579199.37
0000000000f9_00ab 1400579296.75 2,4,4,1,1 11.95,6.36,6.27,2.61,2.34
0000000000f9_00a5 1400579246.7 3,1,4,1,1 79.14,3.76,19.59,6.09,2.89
0000000000f9_00aa 1400580146.95 1,1,1,1,1 3.61,1.75,1.99,2.46,4.93
0000000000f9_0079 1400579248.04 4,4 84.15,31.74
0000000000f9_00a9 1400579697.63 11,1,1,1,4,1 81.36,2.99,2.64,3.31,6.13,1.59
0000000000f9_001c 1400579497.12 4,4,4,4,4 26.47,10.35,22.03,11.80,9.59
0000000000f9_00a3 1400579747.36 11,1,1,2,1 110.48,2.07,4.19,3.87,2.12
0000000000f9_0056 1400579246.97 1,1,1,1,1 8.78,5.50,4.41,4.51,5.72
0000000000f9_0058 1400579296.75 1,1,1,1,4,1 7.01,4.69,5.82,4.38,13.89,3.78
0000000000f9_00a5 1400579296.75 3,1,4,1,1 79.14,3.76,19.59,6.09,2.89
0000000000f9_0068 1400579347.24 4.36,4.48,6.42,9.38,89.34,3.36
0000000000f9_00aa 1400580196.96 1,1,1,1,1 3.61,1.75,1.99,2.46,4.93
0000000000f9_0066 1400579296.48 4.64,106.80,4.72,5.30,3.44
0000000000f9_0055 1400579397.05 1,11,2,1 5.61,82.33,4.93,3.00
0000000000f9_0082 1400579346.62 2,4,11,2,2 4.20,12.15,88.00,3.92,3.76
0000000000f9_00a9 1400579747.65 11,1,1,1,4,1 81.36,2.99,2.64,3.30,6.13,1.81
0000000000f9_00a3 1400579797.38 11,1,1,2,1 110.48,2.24,3.36,3.87,2.12
0000000000f9_00a8 1400579396.59 4,5,1,4,1 5.82,84.05,4.00,225.37,1.67
0000000000f9_00a7 1400580448.29 1 5.00
0000000000f9_00a7 1400580498.34 1 4.92
0000000000f9_00aa 1400580247.01 1,1,1,1,1 3.61,1.75,1.99,2.46,4.93
0000000000f9_00a5 1400579346.8 3,1,4,1,1 79.14,3.76,19.59,6.09,2.89
0000000000f9_001c 1400579547.16 4,4,4,4,4 26.47,10.35,22.03,11.80,9.59
0000000000f9_00ab 1400579346.8 2,4,4,1,1 11.95,6.36,6.27,2.61,2.34
0000000000f9_00a3 1400579847.44 11,1,1,2,1 110.48,2.24,3.36,3.87,2.12
0000000000f9_00a9 1400579797.67 11,1,1,1,4,1 81.47,3.04,2.64,3.30,6.13,1.81
0000000000f9_0083 1400579198.69
0000000000f9_00a8 1400579446.63 4,5,1,4,1 5.82,84.05,4.15,225.37,1.67
0000000000f9_00aa 1400580297.05 1,1,1,1,1 3.41,1.75,1.99,2.46,4.93
0000000000f9_00a5 1400579396.85 3,1,4,1,1 78.37,3.76,4.80,1.45,2.32
0000000000f9_0055 1400579447.1 1,11,2,1 5.61,82.33,4.93,3.00
0000000000f9_0066 1400579346.53 4.64,106.80,4.72,5.30,3.44
0000000000f9_0058 1400579346.8 1,1,1,1,4,1 7.01,4.69,5.82,4.38,13.89,3.78
0000000000f9_0096 1400579196.77
0000000000f9_0083 1400579248.73
0000000000f9_00a3 1400579897.49 11,1,1,2,1 110.48,2.24,3.36,3.87,2.12
0000000000f9_0068 1400579397.26 4.96,4.48,6.42,9.38,83.98,3.46
0000000000f9_0082 1400579396.63 2,4,11,2,2 4.20,12.15,84.60,3.52,3.76
0000000000f9_00a8 1400579496.65 4,5,1,4,1 5.82,84.05,4.15,225.37,1.67
0000000000f9_00a9 1400579847.72 11,1,1,1,4,1 81.47,3.04,2.64,3.30,6.13,1.81
0000000000f9_00aa 1400580347.1 1,1,1,1,1 3.41,2.11,2.07,1.46,4.93
0000000000f9_00ab 1400579396.85 2,4,4,1,1 11.95,6.36,5.41,1.19,2.34
0000000000f9_0056 1400579297.02 1,1,1,1,1 8.78,5.50,4.41,4.51,5.72
0000000000f9_0083 1400579298.78
0000000000f9_00a5 1400579446.9 3,1,4,1,1 78.37,3.76,4.80,1.45,2.32
0000000000f9_001c 1400579597.21 4,4,4,4,4 9.39,9.29,10.44,9.06,9.77
0000000000f9_00a3 1400579947.53 11,1,1,2,1 110.48,1.89,3.50,3.52,2.12
0000000000f9_00a8 1400579546.7 4,5,1,4,1 5.82,84.05,4.15,225.37,1.67
0000000000f9_00a9 1400579897.77 11,1,1,1,4,1 81.47,3.04,2.64,3.30,6.13,1.81
0000000000f9_00aa 1400580397.15 1,1,1,1,1 3.41,2.11,2.07,1.46,4.93
0000000000f9_0055 1400579497.14 1,11,2,1 5.61,82.33,4.93,3.00
0000000000f9_0083 1400579348.83
0000000000f9_0052 1400579196.81
0000000000f9_00ab 1400579446.89 2,4,4,1,1 3.34,6.36,5.41,1.19,2.34
0000000000f9_00a3 1400579997.58 11,1,1,2,1 110.48,1.89,3.50,3.52,2.12
0000000000f9_00a5 1400579496.95 3,1,4,1,1 78.37,3.76,4.80,1.45,2.32
0000000000f9_00a8 1400579596.75 4,5,1,4,1 5.82,83.11,3.57,112.62,8.07
0000000000f9_0066 1400579396.58 2.80,91.99,4.61,5.30,3.44
0000000000f9_0082 1400579446.69 2,4,11,2,2 4.20,8.62,84.60,3.52,3.48
0000000000f9_00a9 1400579947.82 11,1,1,1,4,1 81.69,3.42,2.64,3.68,6.13,1.61
0000000000f9_0083 1400579398.88
0000000000f9_001c 1400579647.27 4,4,4,4,4 9.39,9.29,10.44,9.06,9.77
0000000000f9_00aa 1400580447.19 1,1,1,1,1 3.41,2.11,2.07,1.46,4.93
0000000000f9_0058 1400579396.85 1,1,1,1,4,1 7.01,4.69,4.03,4.38,7.51,3.24
0000000000f9_0079 1400579298.1 4,4 84.15,31.74
0000000000f9_0068 1400579447.3 4.96,3.44,3.40,5.81,83.98,3.46
0000000000f9_0065 1400579246.58 4,11,1,1,1 9.54,87.89,6.64,6.15,17.54
0000000000f9_00a3 1400580047.59 11,1,1,2,1 110.48,1.89,3.50,3.52,2.12
0000000000f9_00a8 1400579646.8 4,5,1,4,1 5.82,83.11,3.57,112.62,8.07
0000000000f9_00a5 1400579547.0 3,1,4,1,1 78.37,3.76,4.80,1.45,2.32
0000000000f9_00ab 1400579496.91 2,4,4,1,1 3.34,6.36,5.41,1.19,2.34
0000000000f9_0083 1400579448.91
0000000000f9_00aa 1400580497.22 1,1,1,1,1 3.08,1.81,2.10,1.85,4.93
0000000000f9_00a9 1400579997.83 11,1,1,1,4,1 81.69,3.42,2.64,3.68,6.13,1.61
0000000000f9_0055 1400579547.19 1,11,2,1 5.61,82.33,4.93,3.00
0000000000f9_00a8 1400579696.83 4,5,1,4,1 5.82,83.11,3.57,112.62,8.07
0000000000f9_00a3 1400580097.62 11,1,1,2,1 110.48,1.89,3.50,3.52,2.12
0000000000f9_00ca 1400579199.09
0000000000f9_0083 1400579498.96
0000000000f9_00ca 1400579249.14
0000000000f9_00a5 1400579597.05 3,1,4,1,1 78.45,3.76,4.86,1.86,1.96
0000000000f9_00ca 1400579299.19
0000000000f9_0066 1400579446.63 2.80,91.99,4.61,3.77,3.51
0000000000f9_001c 1400579697.32 4,4,4,4,4 9.39,9.29,10.44,9.06,9.77
0000000000f9_0083 1400579549.01
0000000000f9_0082 1400579496.74 2,4,11,2,2 4.20,8.62,84.60,3.52,3.48
0000000000f9_00ca 1400579349.24
0000000000f9_00a9 1400580047.83 11,1,1,1,4,1 81.69,3.42,2.64,3.68,6.13,1.61
0000000000f9_00a3 1400580147.66 11,1,1,2,1 110.48,2.17,3.28,4.96,2.12
0000000000f9_00ca 1400579399.24
0000000000f9_00a8 1400579746.88 4,5,1,4,1 5.82,83.11,3.57,112.62,8.07
0000000000f9_0065 1400579296.63 4,11,1,1,1 9.54,87.89,6.64,6.15,17.54
0000000000f9_00ca 1400579449.27
0000000000f9_0058 1400579446.9 1,1,1,1,4,1 7.01,4.69,4.03,4.38,7.51,3.24
0000000000f9_00a5 1400579647.1 3,1,4,1,1 78.45,3.76,4.86,1.86,1.96
0000000000f9_0068 1400579497.32 4.96,3.44,3.40,5.81,83.98,3.46
0000000000f9_0083 1400579599.05
0000000000f9_00a3 1400580197.7 11,1,1,2,1 110.48,2.17,3.28,4.96,2.12
0000000000f9_00a9 1400580097.88 11,1,1,1,4,1 81.69,3.42,2.64,3.68,6.13,1.61
0000000000f9_00ca 1400579499.33
0000000000f9_00ca 1400579549.38
0000000000f9_00ca 1400579599.43
0000000000f9_00a5 1400579697.14 3,1,4,1,1 78.45,3.76,4.86,1.86,1.96
0000000000f9_00ca 1400579649.48
0000000000f9_00ab 1400579546.96 2,4,4,1,1 3.34,6.36,5.41,1.19,2.34
0000000000f9_001c 1400579747.32 4,4,4,4,4 9.39,9.29,12.21,9.06,9.77
0000000000f9_00a8 1400579796.93 4,5,1,8,1 5.82,82.83,3.57,84.96,1.78
0000000000f9_0083 1400579649.1
0000000000f9_00ca 1400579699.53
0000000000f9_00ca 1400579749.58
0000000000f9_0066 1400579496.68 2.80,91.99,4.61,3.77,3.51
0000000000f9_00a3 1400580247.74 11,1,1,2,1 110.48,2.17,3.28,4.96,2.12
0000000000f9_0082 1400579546.78 2,4,11,2,2 4.20,8.62,84.60,3.52,3.48
0000000000f9_00ca 1400579799.59
0000000000f9_00a9 1400580147.93 11,1,1,1,4,1 90.22,3.09,2.64,3.02,6.13,1.90
0000000000f9_0083 1400579699.14
0000000000f9_00a5 1400579747.19 3,1,4,1,1 78.45,3.76,6.13,1.73,1.96
0000000000f9_00ca 1400579849.62
0000000000f9_00a4 1400579246.82 1,8,10,11,1,1 3.19,84.43,82.43,85.60,2.25,1.77
0000000000f9_0065 1400579346.68 4,11,1,1,1 9.54,87.89,6.64,6.15,17.54
0000000000f9_00ca 1400579899.67
0000000000f9_00a8 1400579846.98 4,5,1,8,1 5.82,82.83,3.57,84.96,1.78
0000000000f9_00ca 1400579949.72
0000000000f9_0083 1400579749.19
0000000000f9_00a3 1400580297.78 11,1,1,2,1 110.48,1.94,3.28,3.70,2.12
0000000000f9_0058 1400579496.95 1,1,1,1,4,1 7.01,4.69,4.03,4.38,7.51,3.24
0000000000f9_00ca 1400579999.76
0000000000f9_00a9 1400580197.93 11,1,1,1,4,1 90.22,3.09,2.64,3.02,6.13,1.90
0000000000f9_00a5 1400579797.2 3,1,4,1,1 78.45,3.76,6.13,1.73,2.28
0000000000f9_00ca 1400580049.77
0000000000f9_0068 1400579547.37 4.96,3.44,3.40,5.81,83.98,3.46
0000000000f9_001c 1400579797.37 4,4,4,4,4 9.15,21.43,12.21,10.79,13.39
0000000000f9_0079 1400579348.16 4,4 84.15,31.74
0000000000f9_0083 1400579799.24
0000000000f9_00ca 1400580099.78
0000000000f9_00ab 1400579597.0 2,4,4,1,1 3.86,6.36,14.73,2.48,2.34
0000000000f9_00ca 1400580149.83
0000000000f9_00a3 1400580347.83 11,1,1,2,1 110.48,1.94,3.31,3.70,2.12
0000000000f9_00a4 1400579296.84 1,8,10,11,1,1 3.19,84.43,82.43,85.60,2.25,1.77
0000000000f9_0066 1400579546.69 2.80,91.99,4.61,3.77,3.51
0000000000f9_00a8 1400579897.03 4,5,1,8,1 5.82,82.83,3.57,84.96,1.78
0000000000f9_00ca 1400580199.88
0000000000f9_0082 1400579596.82 2,4,11,2,2 4.20,6.96,84.92,3.78,3.97
0000000000f9_00a9 1400580247.98 11,1,1,1,4,1 90.22,3.09,2.64,3.02,6.13,1.90
0000000000f9_00a5 1400579847.22 3,1,4,1,1 78.45,3.76,6.13,1.73,2.28
0000000000f9_00ca 1400580249.93
0000000000f9_0083 1400579849.29
0000000000f9_00ca 1400580299.98
0000000000f9_0065 1400579396.7 4,11,1,1,1 6.98,84.61,3.36,6.15,17.54
0000000000f9_00ca 1400580350.03
0000000000f9_00a3 1400580397.86 11,1,1,2,1 110.48,1.94,3.31,3.70,2.12
0000000000f9_00a8 1400579947.08 4,5,1,8,1 5.82,81.76,3.57,86.67,1.80
0000000000f9_00ca 1400580400.08
0000000000f9_001c 1400579847.4 4,4,4,4,4 9.15,21.43,12.21,10.79,13.39
0000000000f9_0083 1400579899.32
0000000000f9_00a5 1400579897.25 3,1,4,1,1 78.45,3.76,6.13,1.73,2.28
0000000000f9_0076 1400579247.34 1,1,8,10,11,1,2 3.42,4.71,89.47,84.40,85.96,4.36,5.22
0000000000f9_00a9 1400580298.03 11,1,1,1,4,1 90.22,4.10,2.64,3.02,6.13,1.67
0000000000f9_00ca 1400580450.13
0000000000f9_0058 1400579547.0 1,1,1,1,4,1 7.01,4.69,4.03,4.38,7.51,3.24
0000000000f9_0079 1400579398.22 4,4 27.78,42.77
0000000000f9_00a6 1400579196.71
0000000000f9_00ca 1400580500.18
0000000000f9_00ab 1400579647.05 2,4,4,1,1 3.86,6.36,14.73,2.48,2.34
0000000000f9_00a3 1400580447.89 11,1,1,2,1 110.48,1.94,3.31,3.70,2.12
0000000000f9_0083 1400579949.37
0000000000f9_00a8 1400579997.13 4,5,1,8,1 5.82,81.76,3.57,86.67,1.80
0000000000f9_0068 1400579597.42 4.33,2.97,3.06,6.34,90.65,5.82
0000000000f9_0066 1400579596.74 2.80,101.55,3.91,3.94,3.74
0000000000f9_0082 1400579646.82 2,4,11,2,2 4.20,6.96,84.92,3.78,3.97
0000000000f9_00a5 1400579947.28 3,1,4,1,1 78.62,3.76,6.81,1.58,2.12
0000000000f9_00a9 1400580348.06 11,1,1,1,4,1 81.49,4.10,2.64,3.02,6.13,1.67
0000000000f9_0083 1400579999.41
0000000000f9_0065 1400579446.76 4,11,1,1,1 6.98,84.61,3.36,3.82,3.18
0000000000f9_00a3 1400580497.94 11,1,1,2,1 110.48,1.25,3.30,3.22,2.12
0000000000f9_00a8 1400580047.13 4,5,1,8,1 5.82,81.76,3.57,86.67,1.80
0000000000f9_001c 1400579897.43 4,4,4,4,4 9.15,21.43,12.21,10.79,13.39
0000000000f9_00a5 1400579997.33 3,1,4,1,1 78.62,3.76,6.81,1.58,2.12
0000000000f9_0083 1400580049.46
0000000000f9_00a9 1400580398.07 11,1,1,1,4,1 81.49,4.10,2.64,3.02,6.13,1.67
0000000000f9_00ab 1400579697.09 2,4,4,1,1 3.86,6.36,14.73,2.48,2.34
0000000000f9_0056 1400579347.07 1,1,1,1,1 8.78,5.50,4.41,4.51,5.72
0000000000f9_0056 1400579397.11 1,1,1,1,1 6.62,5.50,4.41,5.82,6.62
0000000000f9_0056 1400579447.13 1,1,1,1,1 6.62,6.13,5.38,5.82,6.62
0000000000f9_00bc 1400579199.55
0000000000f9_0076 1400579297.39 1,1,8,10,11,1,2 3.42,4.71,89.47,84.40,85.96,4.36,5.22
0000000000f9_00a8 1400580097.16 4,5,1,8,1 5.82,81.76,3.57,86.67,1.80
0000000000f9_00a9 1400580448.12 11,1,1,1,4,1 81.49,4.10,2.64,3.02,6.13,1.67
0000000000f9_0058 1400579597.05 1,1,1,1,4,1 7.01,4.69,4.90,4.38,116.31,3.71
0000000000f9_00a5 1400580047.38 3,1,4,1,1 78.62,3.76,6.81,1.58,2.12
0000000000f9_00b5 1400579200.06
0000000000f9_0083 1400580099.51
0000000000f9_0082 1400579696.87 2,4,11,2,2 4.20,6.96,84.92,3.78,3.97
0000000000f9_0066 1400579646.79 2.80,101.55,3.91,3.94,3.74
0000000000f9_00a9 1400580498.13 11,1,1,1,4,1 81.42,2.84,2.64,3.00,6.13,1.00
0000000000f9_00b5 1400579250.11
0000000000f9_00a8 1400580147.2 4,5,1,8,1 5.82,83.72,3.57,85.96,1.81
0000000000f9_001c 1400579947.48 4,4,4,4,4 9.71,21.43,10.66,14.69,11.38
0000000000f9_00ab 1400579747.11 2,4,4,1,1 3.86,6.36,14.73,2.48,2.34
0000000000f9_0065 1400579496.81 4,11,1,1,1 6.98,84.61,3.36,3.82,3.18
0000000000f9_0083 1400580149.56
0000000000f9_00a5 1400580097.42 3,1,4,1,1 78.62,3.76,6.81,1.58,2.12
0000000000f9_0092 1400579199.84
0000000000f9_0079 1400579448.28 4,4 27.78,42.77
0000000000f9_0068 1400579647.43 4.33,2.97,3.06,6.34,90.65,5.82
0000000000f9_00a4 1400579346.89 1,8,10,11,1,1 3.19,84.43,82.43,85.60,2.25,1.77
0000000000f9_00a4 1400579396.94 1,1,8,10,11,1,1 3.10,3.19,83.58,82.43,85.60,2.25,1.71
0000000000f9_00a4 1400579446.99 1,1,8,10,11,1,1 3.10,3.19,83.58,82.83,82.14,1.15,1.71
0000000000f9_00a4 1400579497.04 1,1,8,10,11,1,1 3.10,3.19,83.58,82.83,82.14,1.15,1.71
0000000000f9_00b5 1400579300.16
0000000000f9_0083 1400580199.61
0000000000f9_00a5 1400580147.42 3,1,4,1,1 79.26,3.76,10.50,1.81,1.90
0000000000f9_0056 1400579497.18 1,1,1,1,1 6.62,6.13,5.38,5.82,6.62
0000000000f9_00a8 1400580197.23 4,5,1,8,1 5.82,83.72,3.57,85.96,1.81
0000000000f9_0093 1400579200.5
0000000000f9_00a4 1400579547.09 1,1,8,10,11,1,1 3.10,3.19,83.58,82.83,82.14,1.15,1.71
0000000000f9_0076 1400579347.43 1,1,8,10,11,1,2 3.42,4.71,89.47,84.40,85.96,4.36,5.22
0000000000f9_0083 1400580249.66
0000000000f9_00b5 1400579350.21
0000000000f9_0082 1400579746.92 2,4,11,2,2 4.20,6.96,84.92,3.78,3.97
0000000000f9_0058 1400579647.09 1,1,1,1,4,1 7.01,4.69,4.90,4.38,116.31,3.71
0000000000f9_0066 1400579696.83 2.80,101.55,3.91,3.94,3.74
0000000000f9_001c 1400579997.49 4,4,4,4,4 9.71,9.76,10.66,14.69,11.38
0000000000f9_00a5 1400580197.45 3,1,4,1,1 79.26,3.76,10.50,1.81,1.90
0000000000f9_00a8 1400580247.28 4,5,1,8,1 5.82,83.72,3.57,85.96,1.81
0000000000f9_0083 1400580299.68
0000000000f9_0065 1400579546.83 4,11,1,1,1 6.98,84.61,3.36,3.82,3.18
0000000000f9_00ab 1400579797.14 2,4,4,1,1 3.94,6.36,7.10,1.94,2.34
0000000000f9_00b5 1400579400.26
0000000000f9_00a4 1400579597.14 1,1,8,10,11,1,1 3.73,3.19,84.48,84.04,83.77,1.66,2.12
0000000000f9_0091 1400579200.16
0000000000f9_00a5 1400580247.48 3,1,4,1,1 79.26,3.76,10.50,1.81,1.90
0000000000f9_00a8 1400580297.29 4,5,1,8,1 5.82,83.72,3.57,85.96,1.80
0000000000f9_0083 1400580349.73
0000000000f9_00b5 1400579450.31 9 146.77
0000000000f9_00a4 1400579647.18 1,1,8,10,11,1,1 3.73,3.19,84.48,84.04,83.77,1.66,2.12
0000000000f9_001c 1400580047.54 4,4,4,4,4 9.71,9.76,10.66,14.69,11.38
0000000000f9_0076 1400579397.46 1,1,8,10,11,1,2 3.42,4.71,86.77,85.09,85.96,4.36,5.22
0000000000f9_0082 1400579796.97 2,4,11,2,2 4.20,8.91,85.39,4.59,3.78
0000000000f9_0083 1400580399.78
0000000000f9_00a5 1400580297.5 3,1,4,1,1 79.26,3.76,6.16,1.70,1.73
0000000000f9_0079 1400579498.33 4,4 27.78,42.77
0000000000f9_00a8 1400580347.33 4,5,1,8,1 5.82,86.58,3.57,85.38,1.80
0000000000f9_0066 1400579746.84 2.80,101.55,3.97,3.94,3.74
0000000000f9_00ab 1400579847.19 2,4,4,1,1 3.94,6.36,7.10,1.94,2.34
0000000000f9_00b5 1400579500.34 9 146.77
0000000000f9_0058 1400579697.15 1,1,1,1,4,1 7.01,4.69,4.90,4.38,116.31,3.71
0000000000f9_0065 1400579596.85 4,11,1,1,1 6.98,86.09,4.02,3.45,3.59
0000000000f9_0056 1400579547.23 1,1,1,1,1 6.62,6.13,5.38,5.82,6.62
0000000000f9_0083 1400580449.82
0000000000f9_00a4 1400579697.23 1,1,8,10,11,1,1 3.73,3.19,84.48,84.04,83.77,1.66,2.12
0000000000f9_0068 1400579697.47 4.33,2.97,3.06,6.34,90.65,5.82
0000000000f9_00a8 1400580397.38 4,5,1,8,1 5.82,86.58,3.57,85.38,1.80
0000000000f9_0083 1400580499.86
0000000000f9_00b5 1400579550.39 9 146.77
0000000000f9_0047 1400579200.47
0000000000f9_001c 1400580097.58 4,4,4,4,4 9.71,9.76,10.66,14.69,11.38
0000000000f9_00a4 1400579747.24 1,1,8,10,11,1,1 3.73,3.19,84.48,84.04,83.77,1.66,2.15
0000000000f9_00a8 1400580447.43 4,5,1,8,1 5.82,86.58,3.57,85.38,1.80
0000000000f9_0082 1400579847.01 2,4,11,2,2 4.20,8.91,85.39,4.59,3.78
0000000000f9_00b5 1400579600.44 9 146.77
0000000000f9_0076 1400579447.51 1,1,8,10,11,1,2 3.42,4.32,86.77,85.09,85.41,3.68,5.11
0000000000f9_0065 1400579646.9 4,11,1,1,1 6.98,86.09,4.02,3.45,3.59
0000000000f9_00ab 1400579897.24 2,4,4,1,1 3.94,6.36,7.10,1.94,2.34
0000000000f9_0057 1400579246.62 13,1,1,11,4,1 88.21,6.94,9.64,103.65,9.68,5.00
0000000000f9_0057 1400579296.67 13,1,1,11,4,1 88.21,6.94,9.64,103.65,9.68,5.00
0000000000f9_0057 1400579346.69 13,1,1,11,4,1 88.21,6.94,9.64,103.65,9.68,5.00
0000000000f9_0066 1400579796.89 2.80,97.41,3.97,3.06,3.24
0000000000f9_00a8 1400580497.48 4,5,1,8,1 5.82,82.37,3.53,87.03,1.07
0000000000f9_00a4 1400579797.29 1,1,8,10,11,1,1 3.17,3.19,84.07,84.89,82.88,1.87,2.15
0000000000f9_0058 1400579747.2 1,1,1,1,4,1 7.01,4.69,4.90,4.38,107.15,3.71
0000000000f9_00b5 1400579650.49 9 133.70
0000000000f9_001c 1400580147.63 4,4,4,4,4 11.30,10.51,14.80,48.38,21.71
0000000000f9_0079 1400579548.39 4,4 27.78,42.77
0000000000f9_0056 1400579597.25 1,1,1,1,1 5.65,5.62,4.65,5.38,5.64
0000000000f9_00a4 1400579847.34 1,1,8,10,11,1,1 3.17,3.19,84.07,84.89,82.88,1.87,2.15
0000000000f9_00a5 1400580347.55 3,1,4,1,1 78.72,3.76,6.16,1.70,1.73
0000000000f9_00a5 1400580397.55 3,1,4,1,1 78.72,3.76,6.16,1.70,1.73
0000000000f9_00a5 1400580447.6 3,1,4,1,1 78.72,3.76,6.16,1.70,1.73
0000000000f9_00a5 1400580497.65 3,1,4,1,1 79.34,3.76,5.10,1.17,1.03
0000000000f9_0082 1400579897.05 2,4,11,2,2 4.20,8.91,85.39,4.59,3.78
0000000000f9_00b5 1400579700.52 9 133.70
0000000000f9_0057 1400579396.74 13,1,1,11,4,1 88.21,6.94,4.79,107.36,7.33,5.00
0000000000f9_0068 1400579747.52 4.33,2.97,3.06,6.34,92.70,5.82
0000000000f9_00ab 1400579997.34 2,4,4,1,1 3.77,6.36,14.65,2.85,2.34
0000000000f9_0047 1400579250.53 14,3,9,6 15.48,7.75,7.67,7.09
0000000000f9_0065 1400579696.95 4,11,1,1,1 6.98,86.09,4.02,3.45,3.59
0000000000f9_0076 1400579497.55 1,1,8,10,11,1,2 3.42,4.32,86.77,85.09,85.41,3.68,5.11
0000000000f9_0066 1400579846.94 2.80,97.41,3.97,3.06,3.24
0000000000f9_00a4 1400579897.39 1,1,8,10,11,1,1 3.17,3.19,84.07,84.89,82.88,1.87,2.15
0000000000f9_00b5 1400579750.57 9 133.70
0000000000f9_001c 1400580197.68 4,4,4,4,4 11.30,10.51,14.80,48.38,21.71
0000000000f9_0093 1400579250.55 1,12,6,1,8 7.26,93.15,8.33,4.96,8.14
0000000000f9_0058 1400579797.24 1,1,1,1,4,1 7.01,4.69,3.55,3.61,107.15,3.54
0000000000f9_00ab 1400580047.39 2,4,4,1,1 3.77,6.36,14.65,2.85,2.34
0000000000f9_00a4 1400579947.44 1,1,8,10,11,1,1 3.28,3.19,86.36,83.09,82.88,1.87,1.50
0000000000f9_00b5 1400579800.62 9 146.55
0000000000f9_0082 1400579947.09 2,4,11,2,2 4.20,8.91,85.57,4.47,4.16
0000000000f9_0047 1400579300.56 14,3,9,6 15.48,7.75,7.67,7.09
0000000000f9_00a6 1400579246.76 1,8,10,4,1,1 4.01,88.56,84.19,111.49,1.82,2.14
0000000000f9_00ab 1400580097.43 2,4,4,1,1 3.77,6.36,14.65,2.85,2.34
0000000000f9_0065 1400579747.0 4,11,1,1,1 6.98,86.09,4.02,3.45,3.59
0000000000f9_00b5 1400579850.67 9 146.55
0000000000f9_0076 1400579547.58 1,1,8,10,11,1,2 3.42,4.32,86.77,85.09,85.41,3.68,5.11
0000000000f9_0066 1400579897.0 2.80,97.41,3.97,3.06,3.24
0000000000f9_0091 1400579250.21 1,12,6,6,13 4.93,93.81,7.94,9.45,20.45
0000000000f9_00a4 1400579997.49 1,1,8,10,11,1,1 3.28,3.19,86.36,83.09,83.13,1.17,1.50
0000000000f9_0093 1400579300.6 1,12,6,1,8 7.26,93.15,8.33,4.96,8.14
0000000000f9_0057 1400579446.79 13,1,1,11,4,1 88.21,6.94,4.79,107.36,7.33,4.85
0000000000f9_001c 1400580247.73 4,4,4,4,4 11.30,10.51,14.80,48.38,21.71
0000000000f9_0056 1400579647.3 1,1,1,1,1 5.65,5.62,4.65,5.38,5.64
0000000000f9_0079 1400579598.45 4,4 27.78,23.65
0000000000f9_00ab 1400580147.48 2,4,4,1,1 4.23,6.36,219.44,1.85,2.34
0000000000f9_00a6 1400579296.8 1,8,10,4,1,1 4.01,88.56,84.19,111.49,1.82,2.14
0000000000f9_004d 1400579200.48
0000000000f9_0068 1400579797.57 4.30,3.13,3.03,6.35,92.70,3.24
0000000000f9_0047 1400579350.61 14,3,9,6 15.48,7.75,7.67,7.09
0000000000f9_0058 1400579847.29 1,1,1,1,4,1 7.01,4.69,3.55,3.61,107.15,3.54
0000000000f9_00b5 1400579900.69 9 146.55
0000000000f9_00a4 1400580047.54 1,1,8,10,11,1,1 3.28,3.19,86.36,83.09,83.13,1.17,1.50
0000000000f9_0082 1400579997.14 2,4,11,2,2 4.20,7.68,85.57,4.47,4.16
0000000000f9_00ab 1400580197.51 2,4,4,1,1 4.23,6.36,219.44,1.85,2.34
0000000000f9_00a6 1400579346.84 1,8,10,4,1,1 4.01,88.56,84.19,111.49,1.82,2.14
0000000000f9_0065 1400579797.05 4,11,1,1,1 6.98,83.98,3.44,3.94,3.37
0000000000f9_00b5 1400579950.74 9 146.55
0000000000f9_001c 1400580297.75 4,4,4,4,4 11.30,10.51,12.13,21.97,21.71
0000000000f9_0091 1400579300.26 1,12,6,6,13 4.93,93.81,7.94,9.45,20.45
0000000000f9_0093 1400579350.66 1,12,6,1,8 7.26,93.15,8.33,4.96,8.14
0000000000f9_0066 1400579947.04 2.80,105.86,3.95,3.01,3.24
0000000000f9_00ab 1400580247.56 2,4,4,1,1 4.23,6.36,219.44,1.85,2.34
0000000000f9_00bc 1400579249.56 4,4,6,7,10 78.78,78.31,82.29,9.11,7.76
0000000000f9_00a4 1400580097.59 1,1,8,10,11,1,1 3.28,3.19,86.36,83.09,83.13,1.17,1.50
0000000000f9_0076 1400579597.63 1,1,8,10,11,1,2 3.42,4.32,87.02,84.98,85.24,3.37,5.17
0000000000f9_0047 1400579400.66 14,3,9,6 15.48,4.99,11.60,5.08
0000000000f9_00b5 1400580000.79 9 146.55
0000000000f9_00a6 1400579396.89 1,8,10,4,1,1 1.53,88.56,84.19,111.49,1.62,2.27
0000000000f9_0057 1400579496.84 13,1,1,11,4,1 88.21,6.94,4.79,107.36,7.33,4.85
0000000000f9_00ab 1400580297.6 2,4,4,1,1 4.23,6.36,24.10,1.85,2.34
0000000000f9_0092 1400579249.89 10,10,7,6,10,3 85.82,86.48,13.22,7.95,88.94,4.45
0000000000f9_0082 1400580047.17 2,4,11,2,2 4.20,7.68,85.57,4.47,4.16
0000000000f9_0058 1400579897.34 1,1,1,1,4,1 7.01,4.69,3.55,3.61,107.15,3.54
0000000000f9_00a4 1400580147.64 1,1,8,10,11,1,1 3.17,3.19,89.57,87.34,97.15,1.83,1.90
0000000000f9_0068 1400579847.61 4.30,3.13,3.03,6.35,92.70,3.24
0000000000f9_001c 1400580347.8 4,4,4,4,4 14.95,19.22,12.13,21.97,25.41
0000000000f9_00b5 1400580050.84 9 146.55
0000000000f9_0079 1400579648.51 4,4 27.78,23.65
0000000000f9_0065 1400579847.1 4,11,1,1,1 6.98,83.98,3.44,3.94,3.37
0000000000f9_00a6 1400579446.94 1,8,10,4,1,1 1.53,84.57,83.83,111.49,1.62,2.27
0000000000f9_00ab 1400580347.65 2,4,4,1,1 3.77,6.36,24.10,1.91,2.34
0000000000f9_0047 1400579450.71 14,3,9,6 15.48,4.99,11.60,5.08
0000000000f9_0056 1400579697.33 1,1,1,1,1 5.65,5.62,4.65,5.38,5.64
0000000000f9_0091 1400579350.31 1,12,6,6,13 4.93,93.81,7.94,9.45,20.45
0000000000f9_0093 1400579400.71 1,12,6,1,8 7.26,88.85,4.92,4.56,8.14
0000000000f9_0066 1400579997.05 2.80,105.86,3.95,3.01,3.10
0000000000f9_00a4 1400580197.65 1,1,8,10,11,1,1 3.17,3.19,89.57,87.34,97.15,1.83,1.90
0000000000f9_0076 1400579647.68 1,1,8,10,11,1,2 3.42,3.54,87.02,84.98,85.24,3.37,5.17
0000000000f9_00b5 1400580100.89 9 146.55
0000000000f9_00ab 1400580397.69 2,4,4,1,1 3.77,6.36,24.10,1.91,2.34
0000000000f9_00a6 1400579496.99 1,8,10,4,1,1 1.53,84.57,83.83,111.49,1.62,2.27
0000000000f9_0092 1400579299.93 10,10,7,6,10,3 85.82,86.48,13.22,7.95,88.94,4.45
0000000000f9_0082 1400580097.22 2,4,11,2,2 4.20,7.68,85.57,4.47,4.16
0000000000f9_001c 1400580397.83 4,4,4,4,4 14.95,19.22,12.13,21.97,25.41
0000000000f9_0057 1400579546.89 13,1,1,11,4,1 88.21,6.94,4.79,107.36,7.33,4.85
0000000000f9_0047 1400579500.76 14,3,9,6 15.48,4.99,11.60,5.08
0000000000f9_00a4 1400580247.69 1,1,8,10,11,1,1 3.17,3.19,89.57,87.34,97.15,1.83,1.90
0000000000f9_00ab 1400580447.7 2,4,4,1,1 3.77,6.36,24.10,1.91,2.34
0000000000f9_00b5 1400580150.94 9 146.55
0000000000f9_0058 1400579947.38 1,1,1,1,4,1 7.01,4.69,3.71,3.56,289.36,3.79
0000000000f9_0065 1400579897.15 4,11,1,1,1 6.98,83.98,3.44,3.94,3.37
0000000000f9_00a6 1400579547.04 1,8,10,4,1,1 1.53,84.57,83.83,111.49,1.62,2.27
0000000000f9_0091 1400579400.36 1,12,6,6,13 4.93,90.56,5.54,9.45,20.45
0000000000f9_0093 1400579450.76 1,12,6,1,8 4.51,88.85,4.92,4.56,8.14
0000000000f9_0066 1400580047.1 2.80,105.86,3.95,3.01,3.10
0000000000f9_0068 1400579897.66 4.30,3.13,3.03,6.35,92.70,3.24
0000000000f9_00ab 1400580497.75 2,4,4,1,1 3.77,6.36,7.56,1.74,2.34
0000000000f9_00b5 1400580200.99 9 146.55
0000000000f9_00a4 1400580297.72 1,1,8,10,11,1,1 3.20,3.19,89.57,87.34,97.15,1.83,1.91
0000000000f9_00a6 1400579597.09 1,8,10,4,1,1 1.92,86.36,83.16,111.49,1.62,2.75
0000000000f9_0076 1400579697.73 1,1,8,10,11,1,2 3.42,3.54,87.02,84.98,85.24,3.37,5.17
0000000000f9_0047 1400579550.79 14,3,9,6 15.48,4.99,11.60,5.08
0000000000f9_001c 1400580447.88 4,4,4,4,4 14.95,19.22,12.13,21.97,25.41
0000000000f9_0056 1400579747.38 1,1,1,1,1 5.65,5.62,4.65,4.58,5.64
0000000000f9_0092 1400579349.98 10,10,7,6,10,3 85.82,86.48,13.22,7.95,88.94,4.45
0000000000f9_0079 1400579698.57 4,4 27.78,23.65
0000000000f9_00b5 1400580251.02 9 146.55
0000000000f9_0082 1400580147.27 2,4,11,2,2 4.20,8.46,89.16,4.90,5.01
0000000000f9_00a4 1400580347.75 1,1,8,10,11,1,1 3.20,3.19,85.40,83.11,82.60,1.31,1.91
0000000000f9_00a6 1400579647.14 1,8,10,4,1,1 1.92,86.36,83.16,111.49,1.62,2.75
0000000000f9_0065 1400579947.19 4,11,1,1,1 6.98,84.02,3.53,3.61,3.37
0000000000f9_0091 1400579450.41 1,12,6,6,13 4.93,90.56,5.54,9.45,15.16
0000000000f9_0058 1400579997.43 1,1,1,1,4,1 7.01,4.69,3.71,3.56,289.36,3.79
0000000000f9_0093 1400579500.81 1,12,6,1,8 4.51,88.85,4.92,4.56,8.14
0000000000f9_0066 1400580097.16 2.80,105.86,3.95,3.01,3.10
0000000000f9_0057 1400579596.93 13,1,1,11,4,1 88.21,6.94,4.28,103.13,16.35,4.06
0000000000f9_00b5 1400580301.07 9 146.55
0000000000f9_0047 1400579600.84 14,3,9,6 15.48,4.94,13.68,5.49
0000000000f9_00a4 1400580397.77 1,1,8,10,11,1,1 3.20,3.19,85.40,83.11,82.60,1.31,1.91
0000000000f9_0050 1400579200.65
0000000000f9_00bc 1400579299.61 4,4,6,7,10 78.78,78.31,82.29,9.11,7.76
0000000000f9_001c 1400580497.93 4,4,4,4,4 11.42,19.22,9.19,8.83,11.89
0000000000f9_00a6 1400579697.19 1,8,10,4,1,1 1.92,86.36,83.16,111.49,1.62,2.75
0000000000f9_0068 1400579947.7 4.08,2.98,3.03,6.35,89.92,3.11
0000000000f9_0076 1400579747.78 1,1,8,10,11,1,2 3.42,3.54,87.02,84.98,85.24,3.37,5.17
0000000000f9_00b5 1400580351.12 9 146.55
0000000000f9_0082 1400580197.28 2,4,11,2,2 4.20,8.46,89.16,4.90,5.01
0000000000f9_00a4 1400580447.82 1,1,8,10,11,1,1 3.20,3.19,85.40,83.11,82.60,1.31,1.91
0000000000f9_0092 1400579400.03 10,10,7,6,10,3 85.82,87.73,13.22,7.95,100.70,5.10
0000000000f9_004d 1400579250.53 13,13,13,6,6,6 85.93,91.05,88.76,6.58,6.95,6.62
0000000000f9_00a6 1400579747.24 1,8,10,4,1,1 1.92,86.36,83.16,111.49,1.73,2.75
0000000000f9_0065 1400579997.24 4,11,1,1,1 6.98,84.02,3.53,3.61,3.45
0000000000f9_0091 1400579500.46 1,12,6,6,13 4.93,90.56,5.54,9.45,15.16
0000000000f9_0093 1400579550.86 1,12,6,1,8 4.51,88.85,4.92,4.56,8.14
0000000000f9_00b5 1400580401.16 9 146.55
0000000000f9_0047 1400579650.89 14,3,9,6 15.48,4.94,13.68,5.49
0000000000f9_0058 1400580047.46 1,1,1,1,4,1 7.01,4.69,3.71,3.56,289.36,3.79
0000000000f9_0066 1400580147.2 2.80,123.42,3.96,3.07,3.32
0000000000f9_0056 1400579797.42 1,1,1,1,1 5.55,5.49,4.65,4.58,5.92
0000000000f9_00a4 1400580497.87 1,1,8,10,11,1,1 3.01,3.19,85.40,83.47,82.91,1.31,1.29
0000000000f9_0079 1400579748.62 4,4 50.28,23.65
0000000000f9_00bf 1400579200.25
0000000000f9_00a6 1400579797.29 1,8,10,4,1,1 1.70,83.90,82.81,111.49,1.73,3.18
0000000000f9_0057 1400579646.99 13,1,1,11,4,1 88.21,6.94,4.28,103.13,16.35,4.06
0000000000f9_00b5 1400580451.21 9 146.55
0000000000f9_0068 1400579997.73 4.08,2.98,3.04,6.45,89.92,3.11
0000000000f9_0076 1400579797.83 1,1,8,10,11,1,2 3.42,3.91,85.51,84.09,84.76,3.49,5.38
0000000000f9_0082 1400580247.33 2,4,11,2,2 4.20,8.46,89.16,4.90,5.01
0000000000f9_0047 1400579700.94 14,3,9,6 15.48,4.94,13.68,5.49
0000000000f9_0092 1400579450.07 10,10,7,6,10,3 85.82,87.73,9.79,6.87,100.70,5.10
0000000000f9_00a6 1400579847.31 1,8,10,4,1,1 1.70,83.90,82.81,111.49,1.73,3.18
0000000000f9_0091 1400579550.51 1,12,6,6,13 4.93,90.56,5.54,9.45,15.16
0000000000f9_0093 1400579600.91 1,12,6,1,8 4.48,89.23,5.13,4.56,8.14
0000000000f9_0065 1400580047.29 4,11,1,1,1 6.98,84.02,3.53,3.61,3.45
0000000000f9_00b5 1400580501.26 9 146.55
0000000000f9_004d 1400579300.58 13,13,13,6,6,6 85.93,91.05,88.76,6.58,6.95,6.62
0000000000f9_0066 1400580197.24 2.80,123.42,3.96,3.07,3.32
0000000000f9_00a6 1400579897.32 1,8,10,4,1,1 1.70,83.90,82.81,111.49,1.73,3.18
0000000000f9_0058 1400580097.51 1,1,1,1,4,1 7.01,4.69,3.71,3.56,289.36,3.79
0000000000f9_0047 1400579750.99 14,3,9,6 15.48,4.94,8.71,5.49
0000000000f9_0082 1400580297.38 2,4,11,2,2 4.20,8.46,85.13,4.90,5.01
0000000000f9_0057 1400579696.99 13,1,1,11,4,1 88.21,6.94,4.28,103.13,16.35,4.06
0000000000f9_0091 1400579600.56 1,12,6,6,13 4.93,90.03,4.99,9.45,14.84
0000000000f9_00a6 1400579947.34 1,8,10,4,1,1 1.95,85.04,82.81,111.49,2.01,1.90
0000000000f9_0056 1400579847.47 1,1,1,1,1 5.55,5.49,4.65,4.58,5.92
0000000000f9_0093 1400579650.96 1,12,6,1,8 4.48,89.23,5.13,4.56,8.14
0000000000f9_0076 1400579847.88 1,1,8,10,11,1,2 3.42,3.91,85.51,84.09,84.76,3.49,5.38
0000000000f9_00bc 1400579349.65 4,4,6,7,10 78.78,78.31,82.29,9.11,7.76
0000000000f9_0068 1400580047.78 4.08,2.98,3.04,6.45,89.92,3.11
0000000000f9_0092 1400579500.12 10,10,7,6,10,3 85.82,87.73,9.79,6.87,100.70,5.10
0000000000f9_0050 1400579250.7 7,5,7,7 13.54,25.46,15.69,11.59
0000000000f9_004d 1400579350.59 13,13,13,6,6,6 85.93,91.05,88.76,6.58,6.95,6.62
0000000000f9_0065 1400580097.34 4,11,1,1,1 6.98,84.02,3.53,3.61,3.45
0000000000f9_0066 1400580247.29 2.80,123.42,3.96,3.07,3.32
0000000000f9_0047 1400579801.04 14,3,9,6 15.48,4.90,8.71,5.54
0000000000f9_00a6 1400579997.39 1,8,10,4,1,1 1.95,85.04,103.06,111.49,2.01,1.90
0000000000f9_0058 1400580147.55 1,1,1,1,4,1 7.01,4.69,3.62,4.03,57.35,3.61
0000000000f9_00a6 1400580047.43 1,8,10,4,1,1 1.95,85.04,103.06,111.49,2.01,1.90
0000000000f9_0091 1400579650.61 1,12,6,6,13 4.93,90.03,4.99,9.45,14.84
0000000000f9_0082 1400580347.43 2,4,11,2,2 4.20,8.02,85.13,3.79,3.95
0000000000f9_0093 1400579701.01 1,12,6,1,8 4.48,89.23,5.13,4.56,8.14
0000000000f9_00a6 1400580097.48 1,8,10,4,1,1 1.95,85.04,103.06,111.49,2.01,1.90
0000000000f9_0076 1400579897.93 1,1,8,10,11,1,2 3.42,3.91,85.51,84.09,84.76,3.49,5.38
0000000000f9_0068 1400580097.79 4.08,2.98,3.04,6.45,89.92,3.11
0000000000f9_0057 1400579747.03 13,1,1,11,4,1 88.21,6.94,4.31,103.13,16.35,4.06
0000000000f9_0065 1400580147.39 4,11,1,1,1 6.98,87.16,4.52,4.34,3.60
0000000000f9_0047 1400579851.04 14,3,9,6 15.48,4.90,8.71,5.54
0000000000f9_0079 1400579798.68 4,4 50.28,29.16
0000000000f9_0066 1400580297.34 2.80,123.42,4.14,3.07,3.32
0000000000f9_00a6 1400580147.53 1,8,10,4,1,1 1.85,87.24,87.69,111.49,1.94,1.95
0000000000f9_0092 1400579550.17 10,10,7,6,10,3 85.82,87.73,9.79,6.87,100.70,5.10
0000000000f9_004d 1400579400.61 13,13,13,6,6,6 85.93,91.05,87.79,6.58,6.85,6.55
0000000000f9_0056 1400579897.49 1,1,1,1,1 5.55,5.49,4.65,4.58,5.92
0000000000f9_00a6 1400580197.53 1,8,10,4,1,1 1.85,87.24,87.69,111.49,1.94,1.95
0000000000f9_0091 1400579700.66 1,12,6,6,13 4.93,90.03,4.99,9.45,14.84
0000000000f9_0058 1400580197.56 1,1,1,1,4,1 7.01,4.69,3.62,4.03,57.35,3.61
0000000000f9_0082 1400580397.48 2,4,11,2,2 4.20,8.02,85.13,3.79,3.95
0000000000f9_00bf 1400579250.3 13,13,6,2,6 98.67,83.81,4.81,3.01,5.45
0000000000f9_0093 1400579751.06 1,12,6,1,8 4.48,91.18,5.13,4.56,8.14
0000000000f9_0047 1400579901.09 14,3,9,6 15.48,4.90,8.71,5.54
0000000000f9_0050 1400579300.75 7,5,7,7 13.54,25.46,15.69,11.59
0000000000f9_00a6 1400580247.57 1,8,10,4,1,1 1.85,87.24,87.69,111.49,1.94,1.95
0000000000f9_00bf 1400579300.35 13,13,6,2,6 98.67,83.81,4.81,3.01,5.45
0000000000f9_0065 1400580197.44 4,11,1,1,1 6.98,87.16,4.52,4.34,3.60
0000000000f9_0076 1400579947.96 1,1,8,10,11,1,2 3.42,3.91,86.02,84.17,84.49,3.49,5.38
0000000000f9_00a6 1400580297.62 1,8,10,4,1,1 1.85,87.24,87.69,111.49,1.76,1.71
0000000000f9_0066 1400580347.39 2.80,115.44,4.14,3.06,3.19
0000000000f9_00bf 1400579350.4 13,13,6,2,6 98.67,83.81,4.81,3.01,5.45
0000000000f9_0092 1400579600.22 10,10,7,6,10,3 85.82,86.73,12.45,6.83,90.63,5.19
0000000000f9_004d 1400579450.66 13,13,13,6,6,6 87.89,92.12,87.79,6.58,6.85,6.55
0000000000f9_0090 1400579199.9
0000000000f9_00a6 1400580347.65 1,8,10,4,1,1 1.79,85.50,82.82,111.49,1.76,1.71
0000000000f9_0057 1400579797.07 13,1,1,11,4,1 88.21,6.94,4.31,121.51,7.00,4.21
0000000000f9_00bf 1400579400.45 13,13,6,2,6 90.24,83.81,4.81,3.42,5.26
0000000000f9_0068 1400580147.81 4.55,4.08,4.04,19.32,86.86,3.07
0000000000f9_0047 1400579951.14 14,3,9,6 15.48,4.89,16.28,8.17
0000000000f9_0091 1400579750.71 1,12,6,6,13 4.93,90.03,4.99,9.45,14.84
0000000000f9_0082 1400580447.53 2,4,11,2,2 4.20,8.02,85.13,3.79,3.95
0000000000f9_00bf 1400579450.5 13,13,6,2,6 90.24,85.75,4.81,3.42,5.26
0000000000f9_0093 1400579801.11 1,12,6,1,8 4.45,91.18,5.12,5.57,8.14
0000000000f9_00a6 1400580397.7 1,8,10,4,1,1 1.79,85.50,82.82,111.49,1.76,1.71
0000000000f9_0058 1400580247.6 1,1,1,1,4,1 7.01,4.69,3.62,4.03,57.35,3.61
0000000000f9_0079 1400579848.74 4,4 50.28,29.16
0000000000f9_00bc 1400579399.69 4,4,6,7,10 78.78,80.17,83.36,9.11,7.76
0000000000f9_0056 1400579947.55 1,1,1,1,1 5.51,5.50,4.65,4.63,5.71
0000000000f9_0065 1400580247.49 4,11,1,1,1 6.98,87.16,4.52,4.34,3.60
0000000000f9_00a6 1400580447.75 1,8,10,4,1,1 1.79,85.50,82.82,111.49,1.76,1.71
0000000000f9_0076 1400579998.01 1,1,8,10,11,1,2 3.42,3.23,86.02,84.17,84.49,3.50,5.29
0000000000f9_0066 1400580397.43 2.80,115.44,4.14,3.06,3.19
0000000000f9_0047 1400580001.19 14,3,9,6 15.48,4.89,16.28,8.17
0000000000f9_004d 1400579500.67 13,13,13,6,6,6 87.89,92.12,87.79,6.58,6.85,6.55
0000000000f9_0092 1400579650.27 10,10,7,6,10,3 85.82,86.73,12.45,6.83,90.63,5.19
0000000000f9_00a6 1400580497.77 1,8,10,4,1,1 1.75,85.47,83.23,111.49,1.09,1.11
0000000000f9_0091 1400579800.76 1,12,6,6,13 4.93,98.71,5.34,9.45,13.16
0000000000f9_0093 1400579851.16 1,12,6,1,8 4.45,91.18,5.12,5.57,8.14
0000000000f9_0057 1400579847.13 13,1,1,11,4,1 88.21,6.94,4.31,121.51,7.00,4.21
0000000000f9_0082 1400580497.57 2,4,11,2,2 4.20,8.55,85.34,3.81,4.13
0000000000f9_0068 1400580197.85 4.55,4.08,4.04,19.32,86.86,3.07
0000000000f9_00bf 1400579500.55 13,13,6,2,6 90.24,85.75,4.81,3.42,5.26
0000000000f9_00bf 1400579550.57 13,13,6,2,6 90.24,85.75,4.81,3.42,5.26
0000000000f9_0058 1400580297.61 1,1,1,1,4,1 7.01,4.69,3.62,4.03,11.75,3.67
0000000000f9_00bf 1400579600.62 13,13,6,2,6 90.16,84.67,4.81,3.03,4.73
0000000000f9_0065 1400580297.54 4,11,1,1,1 7.37,87.16,4.52,4.34,3.60
0000000000f9_0047 1400580051.24 14,3,9,6 15.48,4.89,16.28,8.17
0000000000f9_0050 1400579350.8 7,5,7,7 13.54,25.46,15.69,11.59
0000000000f9_0066 1400580447.48 2.80,115.44,4.14,3.06,3.19
0000000000f9_00bf 1400579650.67 13,13,6,2,6 90.16,84.67,4.81,3.03,4.73
0000000000f9_0076 1400580048.06 1,1,8,10,11,1,2 3.42,3.23,86.02,84.17,84.49,3.50,5.29
0000000000f9_0092 1400579700.31 10,10,7,6,10,3 85.82,86.73,12.45,6.83,90.63,5.19
0000000000f9_0091 1400579850.81 1,12,6,6,13 4.93,98.71,5.34,9.45,13.16
0000000000f9_0079 1400579898.8 4,4 50.28,29.16
0000000000f9_0056 1400579997.6 1,1,1,1,1 5.51,5.50,4.76,4.63,5.71
0000000000f9_0093 1400579901.21 1,12,6,1,8 4.45,91.18,5.12,5.57,8.14
0000000000f9_00bf 1400579700.68 13,13,6,2,6 90.16,84.67,4.81,3.03,4.73
0000000000f9_00bf 1400579750.73 13,13,6,2,6 90.16,84.67,4.81,3.07,4.73
0000000000f9_004d 1400579550.7 13,13,13,6,6,6 87.89,92.12,87.79,6.58,6.85,6.55
0000000000f9_0047 1400580101.29 14,3,9,6 15.48,4.89,16.28,8.17
0000000000f9_00bf 1400579800.78 13,6,2,6 90.52,4.81,3.07,4.48
0000000000f9_0068 1400580247.9 4.55,4.08,4.04,19.32,86.86,3.07
0000000000f9_0057 1400579897.16 13,1,1,11,4,1 88.21,6.94,4.31,121.51,7.00,4.21
0000000000f9_0065 1400580347.59 4,11,1,1,1 7.37,85.37,3.45,3.52,3.14
0000000000f9_0058 1400580347.66 1,1,1,1,4,1 7.01,4.69,3.53,3.58,11.75,3.67
0000000000f9_0090 1400579249.95 13,10,1 21.16,82.92,6.23
0000000000f9_00bf 1400579850.83 13,6,2,6 90.52,4.81,3.07,4.48
0000000000f9_00bf 1400579900.88 13,6,2,6 90.52,4.81,3.07,4.48
0000000000f9_00bf 1400579950.93 13,13,6,2,6 90.58,85.14,4.81,3.33,6.26
0000000000f9_0066 1400580497.53 2.80,96.02,4.03,3.06,3.01
0000000000f9_00bc 1400579449.72 4,4,6,7,10 78.78,80.17,83.36,9.11,7.55
0000000000f9_0091 1400579900.86 1,12,6,6,13 4.93,98.71,5.34,9.45,13.16
0000000000f9_004d 1400579600.75 13,13,13,6,6,6 87.96,89.03,88.26,6.58,6.53,6.74
0000000000f9_0076 1400580098.11 1,1,8,10,11,1,2 3.42,3.23,86.02,84.17,84.49,3.50,5.29
0000000000f9_0092 1400579750.36 10,10,7,6,10,3 85.82,86.73,12.45,6.83,92.01,5.19
0000000000f9_0047 1400580151.31 14,3,9,6 15.48,5.47,14.49,9.85
0000000000f9_0093 1400579951.26 1,12,6,1,8 4.59,122.64,4.80,4.83,8.14
0000000000f9_00bf 1400580000.97 13,13,6,2,6 90.58,85.14,4.81,3.33,6.26
0000000000f9_00bf 1400580051.02 13,13,6,2,6 90.58,85.14,4.81,3.33,6.26
0000000000f9_0090 1400579300.01 13,10,1 21.16,82.92,6.23
0000000000f9_00bf 1400580101.07 13,13,6,2,6 90.58,85.14,4.81,3.33,6.26
0000000000f9_0065 1400580397.64 4,11,1,1,1 7.37,85.37,3.45,3.52,3.14
0000000000f9_0068 1400580297.93 4.55,4.08,4.04,19.32,86.41,3.30
0000000000f9_0057 1400579947.2 13,1,1,11,4,1 88.21,6.94,4.33,92.45,7.01,4.08
0000000000f9_0056 1400580047.64 1,1,1,1,1 5.51,5.50,4.76,4.63,5.71
0000000000f9_0079 1400579948.86 4,4 50.28,37.38
0000000000f9_0058 1400580397.71 1,1,1,1,4,1 7.01,4.69,3.53,3.58,11.75,3.67
0000000000f9_0047 1400580201.32 14,3,9,6 15.48,5.47,14.49,9.85
0000000000f9_0091 1400579950.91 1,12,6,6,13 4.93,89.39,5.09,9.45,15.57
0000000000f9_0076 1400580148.13 1,1,8,10,11,1,2 3.42,3.51,87.65,87.23,89.50,3.48,5.85
0000000000f9_00bf 1400580201.12 13,13,6,2,6 95.37,94.77,4.81,3.16,4.63
0000000000f9_0092 1400579800.41 10,10,7,6,10,3 85.82,87.45,13.28,7.14,92.01,6.80
0000000000f9_0090 1400579350.06 13,10,1 21.16,82.92,6.23
0000000000f9_0093 1400580001.31 1,12,6,1,8 4.59,122.64,4.80,4.83,8.14
0000000000f9_00bf 1400580251.13 13,13,6,2,6 95.37,94.77,4.81,3.16,4.63
0000000000f9_004d 1400579650.8 13,13,13,6,6,6 87.96,89.03,88.26,6.58,6.53,6.74
0000000000f9_00bf 1400580301.17 13,13,6,2,6 95.37,94.77,4.81,3.07,4.96
0000000000f9_0065 1400580447.69 4,11,1,1,1 7.37,85.37,3.45,3.52,3.14
0000000000f9_0047 1400580251.37 14,3,9,6 15.48,5.47,14.49,9.85
0000000000f9_0068 1400580347.94 5.20,3.15,3.13,10.99,86.41,3.30
0000000000f9_0090 1400579400.11 13,10,1 21.16,85.63,4.54
0000000000f9_0091 1400580000.96 1,12,6,6,13 4.93,89.39,5.09,9.45,15.57
0000000000f9_00bf 1400580351.21 13,13,6,2,6 90.11,86.65,4.81,3.07,4.96
0000000000f9_0058 1400580447.76 1,1,1,1,4,1 7.01,4.69,3.53,3.58,11.75,3.67
0000000000f9_0057 1400579997.25 13,1,1,11,4,1 88.21,6.94,4.33,92.45,7.01,4.08
0000000000f9_00bf 1400580401.26 13,13,6,2,6 90.11,86.65,4.81,3.07,4.96
0000000000f9_0093 1400580051.36 1,12,6,1,8 4.59,122.64,4.80,4.83,8.14
0000000000f9_00bc 1400579499.77 4,4,6,7,10 78.78,80.17,83.36,9.11,7.55
0000000000f9_0076 1400580198.18 1,1,8,10,11,1,2 3.42,3.51,87.65,87.23,89.50,3.48,5.85
0000000000f9_0092 1400579850.46 10,10,7,6,10,3 85.82,87.45,13.28,7.14,92.01,6.80
0000000000f9_0047 1400580301.43 14,3,9,6 15.48,5.47,14.33,5.15
0000000000f9_0056 1400580097.69 1,1,1,1,1 5.51,5.50,4.76,4.63,5.71
0000000000f9_0079 1400579998.91 4,4 50.28,37.38
0000000000f9_00bf 1400580451.31 13,13,6,2,6 90.11,86.65,4.81,3.07,4.96
0000000000f9_0065 1400580497.74 4,11,1,1,1 12.14,84.52,3.48,3.56,3.53
0000000000f9_0090 1400579450.15 13,10,1 21.16,85.63,4.54
0000000000f9_00bf 1400580501.36 13,13,6,2,6 91.27,85.61,4.81,3.07,4.50
0000000000f9_0091 1400580051.01 1,12,6,6,13 4.93,89.39,5.09,9.45,15.57
0000000000f9_0050 1400579400.85 15,7,5,7,7 108.54,13.54,13.57,11.53,9.88
0000000000f9_004d 1400579700.85 13,13,13,6,6,6 87.96,89.03,88.26,6.58,6.53,6.74
0000000000f9_0068 1400580397.99 5.20,3.15,3.13,10.99,86.41,3.30
0000000000f9_0093 1400580101.41 1,12,6,1,8 4.59,122.64,4.80,4.83,8.14
0000000000f9_0047 1400580351.48 14,3,9,6 15.48,5.14,14.33,5.15
0000000000f9_0058 1400580497.81 1,1,1,1,1,1 7.01,4.69,3.66,3.58,4.40,3.59
0000000000f9_0090 1400579500.16 13,10,1 21.16,85.63,4.54
0000000000f9_0057 1400580047.31 13,1,1,11,4,1 88.21,6.94,4.33,92.45,7.01,4.08
0000000000f9_0092 1400579900.51 10,10,7,6,10,3 85.82,87.45,13.28,7.14,92.01,6.80
0000000000f9_0076 1400580248.23 1,1,8,10,11,1,2 3.42,3.51,87.65,87.23,89.50,3.48,5.85
0000000000f9_004d 1400579750.89 13,13,13,6,6,6 87.96,89.03,87.81,6.58,6.53,6.74
0000000000f9_0091 1400580101.03 1,12,6,6,13 4.93,89.39,5.09,9.45,15.57
0000000000f9_0093 1400580151.46 1,12,6,1,8 5.06,129.32,4.95,4.52,8.14
0000000000f9_0056 1400580147.75 1,1,1,1,1 5.57,6.11,5.00,4.58,5.91
0000000000f9_0090 1400579550.21 13,10,1 21.16,85.63,4.54
0000000000f9_0079 1400580048.97 4,4 50.28,37.38
0000000000f9_0047 1400580401.51 14,3,9,6 15.48,5.14,14.33,5.15
0000000000f9_0068 1400580448.02 5.20,3.15,3.13,10.99,86.41,3.30
0000000000f9_00bc 1400579549.82 4,4,6,7,10 78.78,80.17,83.36,9.11,7.55
0000000000f9_0092 1400579950.56 10,10,7,6,10,3 85.82,87.12,12.75,7.14,90.45,5.08
0000000000f9_0076 1400580298.27 1,1,8,10,11,1,2 3.42,3.51,85.79,87.23,89.50,3.48,5.85
0000000000f9_0057 1400580097.35 13,1,1,11,4,1 88.21,6.94,4.33,92.45,7.01,4.08
0000000000f9_0090 1400579600.26 13,10,1 21.16,86.06,4.52
0000000000f9_0091 1400580151.08 1,12,6,6,13 4.93,250.53,5.68,9.45,17.45
0000000000f9_0050 1400579450.9 15,7,5,7,7 108.54,13.54,13.57,11.53,9.88
0000000000f9_0093 1400580201.51 1,12,6,1,8 5.06,129.32,4.95,4.52,8.14
0000000000f9_004d 1400579800.93 13,13,13,6,6,6 88.03,251.31,87.81,6.58,6.74,6.91
0000000000f9_0090 1400579650.31 13,10,1 21.16,86.06,4.52
0000000000f9_0047 1400580451.55 14,3,9,6 15.48,5.14,14.33,5.15
0000000000f9_0068 1400580498.07 4.27,3.02,3.14,10.99,87.17,2.87
0000000000f9_0056 1400580197.8 1,1,1,1,1 5.57,6.11,5.00,4.58,5.91
0000000000f9_0092 1400580000.61 10,10,7,6,10,3 85.82,87.12,12.75,6.63,90.45,5.08
0000000000f9_004d 1400579850.97 13,13,13,6,6,6 88.03,251.31,87.81,6.58,6.74,6.91
0000000000f9_0076 1400580348.32 1,1,8,10,11,1,2 3.42,3.44,85.79,84.90,84.06,3.16,4.99
0000000000f9_0091 1400580201.13 1,12,6,6,13 4.93,250.53,5.68,9.45,17.45
0000000000f9_0057 1400580147.36 13,1,1,11,1 88.21,6.94,4.27,115.86,4.72
0000000000f9_0079 1400580099.03 4,4 50.28,37.38
0000000000f9_0093 1400580251.56 1,12,6,1,8 5.06,129.32,4.95,4.52,8.14
0000000000f9_0090 1400579700.36 13,10,1 21.16,86.06,4.52
0000000000f9_00bc 1400579599.86 4,4,6,7,10 78.78,81.42,84.93,9.11,7.35
0000000000f9_0092 1400580050.66 10,10,7,6,10,3 85.82,87.12,12.75,6.63,90.45,5.08
0000000000f9_004d 1400579900.99 13,13,13,6,6,6 88.03,251.31,87.81,6.58,6.74,6.91
0000000000f9_0047 1400580501.56 14,3,9,6 14.23,4.92,7.33,5.89
0000000000f9_0091 1400580251.16 1,12,6,6,13 4.93,250.53,5.68,9.45,17.45
0000000000f9_0076 1400580398.34 1,1,8,10,11,1,2 3.42,3.44,85.79,84.90,84.06,3.16,4.99
0000000000f9_0093 1400580301.61 1,12,6,1,8 5.06,90.91,4.99,4.52,8.14
0000000000f9_0090 1400579750.36 13,10,1 21.16,85.06,4.52
0000000000f9_0057 1400580197.39 13,1,1,11,1 88.21,6.94,4.27,115.86,4.72
0000000000f9_0056 1400580247.85 1,1,1,1,1 5.57,6.11,5.00,4.58,5.91
0000000000f9_0050 1400579500.95 15,7,5,7,7 108.54,13.54,13.57,11.53,9.88
0000000000f9_0079 1400580149.09 4,4 56.07,49.49
0000000000f9_0090 1400579800.41 13,10,1 21.16,85.06,4.51
0000000000f9_0091 1400580301.2 1,12,6,6,13 4.93,90.06,5.68,9.45,17.45
0000000000f9_0093 1400580351.66 1,12,6,1,8 4.50,90.91,4.99,4.63,8.14
0000000000f9_0092 1400580100.71 10,10,7,6,10,3 85.82,87.12,12.75,6.63,90.45,5.08
0000000000f9_0076 1400580448.39 1,1,8,10,11,1,2 3.42,3.44,85.79,84.90,84.06,3.16,4.99
0000000000f9_0057 1400580247.44 13,1,1,11,1 88.21,6.94,4.27,115.86,4.72
0000000000f9_00bc 1400579649.86 4,4,6,7,10 78.78,81.42,84.93,9.11,7.35
0000000000f9_004d 1400579951.04 13,13,13,6,6,6 89.49,251.31,88.20,6.58,6.86,6.91
0000000000f9_0090 1400579850.46 13,10,1 21.16,85.06,4.51
0000000000f9_0091 1400580351.25 1,12,6,6,13 4.93,90.06,4.98,9.45,16.29
0000000000f9_0056 1400580297.9 1,1,1,1,1 5.57,6.11,5.00,4.58,5.87
0000000000f9_0093 1400580401.71 1,12,6,1,8 4.50,90.91,4.99,4.63,8.14
0000000000f9_0092 1400580150.76 10,10,7,6,10,3 85.82,90.17,10.04,7.02,97.87,5.04
0000000000f9_0076 1400580498.41 1,1,8,10,11,1,2 3.42,3.44,90.79,86.38,84.16,3.53,4.99
0000000000f9_004d 1400580001.09 13,13,13,6,6,6 89.49,90.06,88.20,6.58,6.86,6.91
0000000000f9_0090 1400579900.52 13,10,1 21.16,85.06,4.51
0000000000f9_0079 1400580199.15 4,4 56.07,49.49
0000000000f9_0057 1400580297.49 13,1,1,11,2,1 88.21,6.94,4.37,115.86,5.08,4.72
0000000000f9_0091 1400580401.3 1,12,6,6,13 4.93,90.06,4.98,9.45,16.29
0000000000f9_0050 1400579551.0 15,7,5,7,7 108.54,13.54,13.57,11.53,9.88
0000000000f9_0090 1400579950.56 13,10,1 21.16,85.36,4.64
0000000000f9_0093 1400580451.76 1,12,6,1,8 4.50,90.91,4.99,4.63,8.14
0000000000f9_0092 1400580200.79 10,10,7,6,10,3 85.82,90.17,10.04,7.02,97.87,5.04
0000000000f9_0056 1400580347.95 1,1,1,1,1 5.60,5.69,4.79,4.58,5.87
0000000000f9_0091 1400580451.35 1,12,6,6,13 4.93,90.06,4.98,9.45,16.29
0000000000f9_0090 1400580000.62 13,10,1 21.16,85.36,4.64
0000000000f9_004d 1400580051.14 13,13,13,6,6,6 89.49,90.06,88.20,6.58,6.86,6.91
0000000000f9_0093 1400580501.81 1,12,6,1,8 4.48,88.90,5.20,4.54,8.14
0000000000f9_00bc 1400579699.91 4,4,6,7,10 78.78,81.42,84.93,9.11,7.35
0000000000f9_0057 1400580347.53 13,1,1,11,2,1 88.21,6.94,4.37,119.36,5.08,4.02
0000000000f9_0092 1400580250.84 10,10,7,6,10,3 85.82,90.17,10.04,7.02,97.87,5.04
0000000000f9_0090 1400580050.67 13,10,1 21.16,85.36,4.64
0000000000f9_004d 1400580101.19 13,13,13,6,6,6 89.49,90.06,88.20,6.58,6.86,6.91
0000000000f9_0091 1400580501.4 1,12,6,6,13 4.93,90.29,5.34,9.45,24.19
0000000000f9_0079 1400580249.2 4,4 56.07,49.49
0000000000f9_0050 1400579601.04 15,7,5,7,7 90.45,13.54,14.76,13.20,11.60
0000000000f9_0090 1400580100.72 13,10,1 21.16,85.36,4.64
0000000000f9_0056 1400580397.97 1,1,1,1,1 5.60,5.69,4.79,4.58,5.87
0000000000f9_0092 1400580300.89 10,10,7,6,10,3 85.82,90.17,10.04,7.02,91.42,6.20
0000000000f9_0057 1400580397.59 13,1,1,11,2,1 88.21,6.94,4.37,119.36,5.08,4.02
0000000000f9_004d 1400580151.24 13,13,13,6,6,6 100.75,108.89,101.16,6.58,6.40,6.76
0000000000f9_0090 1400580150.77 13,10,1 21.16,92.80,5.70
0000000000f9_00bc 1400579749.96 4,4,6,7,10 78.78,80.76,84.93,9.11,7.35
0000000000f9_0092 1400580350.94 10,10,7,6,10,3 85.82,86.52,10.87,6.76,91.42,6.20
0000000000f9_0090 1400580200.82 13,10,1 21.16,92.80,5.70
0000000000f9_004f 1400579205.78
0000000000f9_0056 1400580448.02 1,1,1,1,1 5.60,5.69,4.79,4.58,5.87
0000000000f9_0057 1400580447.64 13,1,1,11,2,1 88.21,6.94,4.37,119.36,5.08,4.02
0000000000f9_0050 1400579651.09 15,7,5,7,7 90.45,13.54,14.76,13.20,11.60
0000000000f9_0079 1400580299.26 4,4 56.07,49.49
0000000000f9_004d 1400580201.29 13,13,13,6,6,6 100.75,108.89,101.16,6.58,6.40,6.76
0000000000f9_0092 1400580400.99 10,10,7,6,10,3 85.82,86.52,10.87,6.76,91.42,6.20
0000000000f9_0090 1400580250.86 13,10,1 21.16,92.80,5.70
0000000000f9_004d 1400580251.33 13,13,13,6,6,6 100.75,108.89,101.16,6.58,6.40,6.76
0000000000f9_0090 1400580300.92 13,10,1 21.16,86.72,5.70
0000000000f9_0057 1400580497.69 13,1,1,11,2,1 88.21,6.94,4.33,94.61,16.30,4.05
0000000000f9_00bc 1400579800.0 4,4,6,7,10 78.78,80.76,83.57,9.11,7.48
0000000000f9_0056 1400580498.07 1,1,1,1,1 5.57,5.68,4.79,4.27,5.70
0000000000f9_0092 1400580451.04 10,10,7,6,10,3 85.82,86.52,10.87,6.76,91.42,6.20
0000000000f9_0079 1400580349.32 4,4 56.07,97.85
0000000000f9_0090 1400580350.96 13,10,1 21.16,86.72,4.59
0000000000f9_0050 1400579701.14 15,7,5,7,7 90.45,13.54,14.76,13.20,11.60
0000000000f9_004d 1400580301.36 13,13,13,6,6,6 100.75,108.89,89.25,6.58,7.32,6.76
0000000000f9_0090 1400580401.02 13,10,1 21.16,86.72,4.59
0000000000f9_004f 1400579255.84 7,3,5,11 87.13,11.83,9.42,10.76
0000000000f9_0092 1400580501.09 10,10,7,6,10,3 85.82,86.63,15.35,8.51,90.42,5.06
0000000000f9_004d 1400580351.39 13,13,13,6,6,6 88.41,92.00,89.25,6.58,7.32,6.84
0000000000f9_0090 1400580451.07 13,10,1 21.16,86.72,4.59
0000000000f9_0079 1400580399.38 4,4 56.07,97.85
0000000000f9_0090 1400580501.12 13,10,1 21.16,85.14,4.46
0000000000f9_00bc 1400579850.04 4,4,6,7,10 78.78,80.76,83.57,9.11,7.48
0000000000f9_004d 1400580401.44 13,13,13,6,6,6 88.41,92.00,89.25,6.58,7.32,6.84
0000000000f9_004f 1400579305.87 7,3,5,11 87.13,11.83,9.42,10.76
0000000000f9_004f 1400579355.92 7,3,5,11 87.13,11.83,9.42,10.76
0000000000f9_0050 1400579751.19 15,7,5,7,7 113.48,13.54,12.77,13.20,11.60
0000000000f9_0079 1400580449.44 4,4 56.07,97.85
0000000000f9_004f 1400579405.97 7,3,5,11 87.13,7.53,8.96,12.04
0000000000f9_004d 1400580451.49 13,13,13,6,6,6 88.41,92.00,89.25,6.58,7.32,6.84
0000000000f9_004f 1400579456.02 7,3,5,11 87.13,7.53,8.96,12.04
0000000000f9_00bc 1400579900.08 4,4,6,7,10 78.78,80.76,83.57,9.11,7.48
0000000000f9_004d 1400580501.53 13,13,13,6,6,6 87.86,99.33,89.03,6.58,6.45,7.69
0000000000f9_0079 1400580499.49 4,4 56.07,97.85
0000000000f9_004f 1400579506.07 7,3,5,11 87.13,7.53,8.96,12.04
0000000000f9_0050 1400579801.24 15,7,5,7,7 113.48,13.54,12.77,11.71,10.36
0000000000f9_004d 1400580551.57 13,13,13,6,6,6 87.86,99.33,89.03,6.58,6.45,7.69
0000000000f9_004f 1400579556.12 7,3,5,11 87.13,7.53,8.96,12.04
0000000000f9_00bc 1400579950.13 4,4,6,7,10 78.78,85.77,84.53,9.11,8.40
0000000000f9_0050 1400579851.29 15,7,5,7,7 113.48,13.54,12.77,11.71,10.36
0000000000f9_004f 1400579606.17 7,3,5,11 87.13,12.38,7.94,10.43
0000000000f9_004f 1400579656.17 7,3,5,11 87.13,12.38,7.94,10.43
0000000000f9_004f 1400579706.22 7,3,5,11 87.13,12.38,7.94,10.43
0000000000f9_00bc 1400580000.18 4,4,6,7,10 78.78,85.77,84.53,9.11,8.40
0000000000f9_004f 1400579756.27 7,3,5,11 87.13,17.55,8.11,10.43
0000000000f9_0050 1400579901.34 15,7,5,7,7 113.48,13.54,12.77,11.71,10.36
0000000000f9_004f 1400579806.33 7,3,5,11 87.13,17.55,8.11,10.96
0000000000f9_00bc 1400580050.23 4,4,6,7,10 78.78,85.77,84.53,9.11,8.40
0000000000f9_004f 1400579856.37 7,3,5,11 87.13,17.55,8.11,10.96
0000000000f9_0050 1400579951.39 15,7,5,7,7 110.16,13.54,14.21,13.69,11.16
0000000000f9_004f 1400579906.41 7,3,5,11 87.13,17.55,8.11,10.96
0000000000f9_00bc 1400580100.26 4,4,6,7,10 78.78,85.77,84.53,9.11,8.40
0000000000f9_004f 1400579956.46 7,3,5,11 87.13,12.43,8.20,12.65
0000000000f9_0050 1400580001.44 15,7,5,7,7 110.16,13.54,14.21,13.69,11.16
0000000000f9_004f 1400580006.51 7,3,5,11 87.13,12.43,8.20,12.65
0000000000f9_004f 1400580056.56 7,3,5,11 87.13,12.43,8.20,12.65
0000000000f9_00bc 1400580150.31 4,4,6,7,10 78.78,80.96,150.73,9.11,11.26
0000000000f9_004f 1400580106.61 7,3,5,11 87.13,12.43,8.20,12.65
0000000000f9_004f 1400580156.66 7,3,5,11 87.13,14.10,8.61,13.81
0000000000f9_0050 1400580051.49 15,7,5,7,7 110.16,13.54,14.21,13.69,11.16
0000000000f9_00bc 1400580200.36 4,4,6,7,10 78.78,80.96,150.73,9.11,11.26
0000000000f9_0050 1400580101.54 15,7,5,7,7 110.16,13.54,14.21,13.69,11.16
0000000000f9_0050 1400580151.57 15,7,5,7,7 94.93,13.54,14.51,10.92,10.34
0000000000f9_00bc 1400580250.41 4,4,6,7,10 78.78,80.96,150.73,9.11,11.26
0000000000f9_004f 1400580206.71 7,3,5,11 87.13,14.10,8.61,13.81
0000000000f9_004f 1400580256.76 7,3,5,11 87.13,14.10,8.61,13.81
0000000000f9_004f 1400580306.81 7,3,5,11 87.13,14.34,7.95,14.19
0000000000f9_004f 1400580356.86 7,3,5,11 87.13,14.34,7.95,14.19
0000000000f9_004f 1400580406.9 7,3,5,11 87.13,14.34,7.95,14.19
0000000000f9_004f 1400580456.95 7,3,5,11 87.13,14.34,7.95,14.19
0000000000f9_00bc 1400580300.46 4,4,6,7,10 78.78,81.31,150.73,9.11,11.26
0000000000f9_0050 1400580201.62 15,7,5,7,7 94.93,13.54,14.51,10.92,10.34
0000000000f9_004f 1400580507.0 7,3,5,11 87.13,17.87,8.07,11.60
0000000000f9_0050 1400580251.67 15,7,5,7,7 94.93,13.54,14.51,10.92,10.34
0000000000f9_0050 1400580301.72 15,7,5,7,7 112.17,13.54,19.17,13.72,10.34
0000000000f9_0050 1400580351.77 15,7,5,7,7 112.17,13.54,19.17,13.72,617.45
0000000000f9_00bc 1400580350.48 4,4,6,7,10 78.78,81.31,84.25,9.11,7.06
0000000000f9_00bc 1400580400.53 4,4,6,7,10 78.78,81.31,84.25,9.11,7.06
0000000000f9_00bc 1400580450.57 4,4,6,7,10 78.78,81.31,84.25,9.11,7.06
0000000000f9_0007 1400579245.8 4,4,4,4 6.55,5.17,4.87,6.86
0000000000f9_0050 1400580401.82 15,7,5,7,7 112.17,13.54,19.17,13.72,617.45
0000000000f9_00bc 1400580500.62 4,4,6,7,10 78.78,87.17,86.97,9.11,7.27
0000000000f9_0007 1400579295.85 4,4,4,4 6.55,5.17,4.87,6.86
0000000000f9_0007 1400579345.9 4,4,4,4 6.55,5.17,4.87,6.86
0000000000f9_0050 1400580451.87 15,7,5,7,7 112.17,13.54,19.17,13.72,617.45
0000000000f9_0050 1400580501.92 15,7,5,7,7 115.94,13.54,35.97,9.39,10.32
0000000000f9_008c 1400579246.5 3,3,4,4,4,4 16.32,32.60,7.73,20.75,9.43,8.71
0000000000f9_008c 1400579296.55 3,3,4,4,4,4 16.32,32.60,7.73,20.75,9.43,8.71
0000000000f9_003f 1400579249.58 4,4,4 15.20,11.65,8.89
0000000000f9_008c 1400579346.6 3,3,4,4,4,4 16.32,32.60,7.73,20.75,9.43,8.71
0000000000f9_003f 1400579299.63 4,4,4 15.20,11.65,8.89
0000000000f9_003f 1400579349.68 4,4,4 15.20,11.65,8.89
0000000000f9_008c 1400579396.62 3,3,4,4,4,4 16.32,44.61,7.73,20.75,7.73,7.54
0000000000f9_003f 1400579399.73 4,4,4 15.20,8.42,8.89
0000000000f9_003f 1400579449.78 4,4,4 6.01,8.42,7.15
0000000000f9_008c 1400579446.67 3,3,4,4,4,4 16.32,44.61,7.75,32.82,7.73,7.54
0000000000f9_003f 1400579499.83 4,4,4 6.01,8.42,7.15
0000000000f9_003f 1400579549.88 4,4,4 6.01,8.42,7.15
0000000000f9_008c 1400579496.72 3,3,4,4,4,4 16.32,44.61,7.75,32.82,7.73,7.54
0000000000f9_003f 1400579599.93 4,4,4 219.40,108.69,7.94
0000000000f9_0055 1400579597.24 10,1,11,2,1 598.70,5.61,83.24,5.20,4.29
0000000000f9_003f 1400579649.98 4,4,4 219.40,108.69,7.94
0000000000f9_008c 1400579546.77 3,3,4,4,4,4 16.32,44.61,7.75,32.82,7.73,7.54
0000000000f9_003f 1400579700.03 4,4,4 219.40,108.69,7.94
0000000000f9_003a 1400579249.43 4,4,2,4,2,2 50.95,64.29,35.52,22.82,16.17,10.46
0000000000f9_0055 1400579647.29 10,1,11,2,1 598.70,5.61,83.24,5.20,4.29
0000000000f9_003f 1400579750.08 4,4,4 219.40,108.69,7.94
0000000000f9_008c 1400579596.79 3,3,4,4,4,4 16.32,33.73,6.24,70.60,21.45,7.30
0000000000f9_0055 1400579697.34 10,1,11,2,1 598.70,5.61,83.24,5.20,4.29
0000000000f9_003f 1400579800.12 4,4,4 57.03,7.37,6.68
0000000000f9_003f 1400579850.17 4,4,4 57.03,7.37,6.68
0000000000f9_008c 1400579646.84 3,3,4,4,4,4 16.32,33.73,6.24,70.60,21.45,7.30
0000000000f9_0055 1400579747.39 10,1,11,2,1 598.70,5.61,83.24,5.04,4.29
0000000000f9_003f 1400579900.22 4,4,4 57.03,7.37,6.68
0000000000f9_008c 1400579696.89 3,3,4,4,4,4 16.32,33.73,6.24,70.60,21.45,7.30
0000000000f9_0055 1400579797.44 1,11,2,1 5.61,83.95,5.04,3.80
0000000000f9_003a 1400579299.49 4,4,2,4,2,2 50.95,64.29,35.52,22.82,16.17,10.46
0000000000f9_0052 1400579246.85 13,3,4,4 87.32,26.53,6.68,7.96
0000000000f9_003f 1400579950.27 4,4,4 57.03,7.15,6.30
0000000000f9_003f 1400580000.32 4,4,4 27.84,7.15,6.30
0000000000f9_0055 1400579847.48 1,11,2,1 5.61,83.95,5.04,3.80
0000000000f9_0052 1400579296.9 13,3,4,4 87.32,26.53,6.68,7.96
0000000000f9_003f 1400580050.33 4,4,4 27.84,7.15,6.30
0000000000f9_008c 1400579746.94 3,3,4,4,4,4 16.32,33.73,6.24,70.60,15.87,7.30
0000000000f9_003f 1400580100.38 4,4,4 27.84,7.15,6.30
0000000000f9_0055 1400579897.54 1,11,2,1 5.61,83.95,5.04,3.80
0000000000f9_0052 1400579346.96 13,3,4,4 87.32,26.53,6.68,7.96
0000000000f9_008c 1400579796.99 3,3,4,4,4,4 12.03,48.58,5.83,34.38,15.87,8.79
0000000000f9_0055 1400579947.59 1,11,2,1 5.61,82.24,5.02,3.49
0000000000f9_003f 1400580150.42 4,4,4 29.62,373.49,14.00
0000000000f9_003f 1400580200.43 4,4,4 29.62,373.49,14.00
0000000000f9_008c 1400579847.04 3,3,4,4,4,4 12.03,48.58,5.83,34.38,15.87,8.79
0000000000f9_0055 1400579997.64 1,11,2,1 5.61,82.24,5.02,3.49
0000000000f9_003f 1400580250.44 4,4,4 29.62,373.49,14.00
0000000000f9_003a 1400579349.55 4,4,2,4,2,2 50.95,64.29,35.52,22.82,16.17,10.46
0000000000f9_003f 1400580300.49 4,4,4 29.62,369.28,14.00
0000000000f9_008c 1400579897.09 3,3,4,4,4,4 12.03,48.58,5.83,34.38,15.87,8.79
0000000000f9_0055 1400580047.69 1,11,2,1 5.61,82.24,5.02,3.49
0000000000f9_003f 1400580350.51 4,4,4 7.69,369.28,6.66
0000000000f9_0052 1400579397.0 4,13,3,4,4 7.19,87.32,19.18,6.24,6.06
0000000000f9_0055 1400580097.73 1,11,2,1 5.61,82.24,5.02,3.49
0000000000f9_003f 1400580400.56 4,4,4 7.69,369.28,6.66
0000000000f9_008c 1400579947.14 3,3,4,4,4,4 11.52,47.36,5.83,34.38,6.84,8.05
0000000000f9_003f 1400580450.61 4,4,4 7.69,369.28,6.66
0000000000f9_0052 1400579447.06 4,13,3,4,4 7.19,87.32,19.18,6.24,6.06
0000000000f9_0055 1400580147.78 10,1,11,2,1 1703.32,5.61,88.44,6.26,3.42
0000000000f9_003f 1400580500.66 4,4,4 6.40,7.38,6.12
0000000000f9_008c 1400579997.19 3,3,4,4,4,4 11.52,47.36,6.82,30.49,6.84,8.05
0000000000f9_003a 1400579399.61 4,4,2,4,2,2 16.46,20.06,35.52,22.82,16.17,10.27
0000000000f9_0052 1400579497.11 4,13,3,4,4 7.19,87.32,19.18,6.24,6.06
0000000000f9_0055 1400580197.82 10,1,11,2,1 1703.32,5.61,88.44,6.26,3.42
0000000000f9_0052 1400579547.16 4,13,3,4,4 7.19,87.32,19.18,6.24,6.06
0000000000f9_008c 1400580047.24 3,3,4,4,4,4 11.52,47.36,6.82,30.49,6.84,8.05
0000000000f9_0055 1400580247.87 10,1,11,2,1 1703.32,5.61,88.44,6.26,3.42
0000000000f9_0052 1400579597.18 4,13,3,4,4 30.74,87.32,8.17,6.57,5.73
0000000000f9_0051 1400579200.89
0000000000f9_008c 1400580097.29 3,3,4,4,4,4 11.52,47.36,6.82,30.49,6.84,8.05
0000000000f9_0052 1400579647.23 4,13,3,4,4 30.74,87.32,8.17,6.57,5.73
0000000000f9_003a 1400579449.66 4,4,2,4,2,2 16.46,20.06,10.21,10.27,18.18,10.27
0000000000f9_008c 1400580147.33 3,3,4,4,4,4 16.55,378.25,6.68,41.01,9.24,10.02
0000000000f9_0052 1400579697.27 4,13,3,4,4 30.74,87.32,8.17,6.57,5.73
0000000000f9_008c 1400580197.38 3,3,4,4,4,4 16.55,378.25,6.68,41.01,9.24,10.02
0000000000f9_0052 1400579747.32 4,13,3,4,4 49.07,87.32,9.25,6.57,5.73
0000000000f9_0052 1400579797.34 4,13,3,4,4 49.07,87.32,9.25,7.40,8.95
0000000000f9_008c 1400580247.43 3,3,4,4,4,4 16.55,378.25,6.68,41.01,9.24,10.02
0000000000f9_0055 1400580297.89 10,1,11,2,1 1703.32,5.61,88.44,5.05,3.41
0000000000f9_0055 1400580347.89 10,1,11,2,1 1703.32,5.61,82.07,5.05,3.41
0000000000f9_0055 1400580397.94 10,1,11,2,1 1703.32,5.61,82.07,5.05,3.41
0000000000f9_0055 1400580447.97 10,1,11,2,1 1703.32,5.61,82.07,5.05,3.41
0000000000f9_0052 1400579847.38 4,13,3,4,4 49.07,87.32,9.25,7.40,8.95
0000000000f9_003a 1400579499.72 4,4,2,4,2,2 16.46,20.06,10.21,10.27,18.18,10.27
0000000000f9_0055 1400580498.02 10,1,11,2,1 1703.32,5.61,82.18,5.41,4.10
0000000000f9_008c 1400580297.48 3,3,4,4,4,4 16.55,378.25,6.68,41.01,9.50,7.44
0000000000f9_0052 1400579897.42 4,13,3,4,4 49.07,87.32,9.25,7.40,8.95
0000000000f9_0051 1400579250.91 8,13,14,6,14 87.55,12.72,27.35,16.05,14.12
0000000000f9_008c 1400580347.51 3,3,4,4,4,4 12.76,49.64,9.51,92.68,9.50,7.44
0000000000f9_0052 1400579947.47 4,13,3,4,4 8.50,87.32,8.35,6.60,9.82
0000000000f9_008c 1400580397.55 3,3,4,4,4,4 12.76,49.64,9.51,92.68,9.50,7.44
0000000000f9_0052 1400579997.51 4,13,3,4,4 8.50,87.32,8.35,6.60,9.82
0000000000f9_0051 1400579300.96 8,13,14,6,14 87.55,12.72,27.35,16.05,14.12
0000000000f9_003a 1400579549.78 4,4,2,4,2,2 16.46,20.06,10.21,10.27,18.18,10.27
0000000000f9_0052 1400580047.56 4,13,3,4,4 8.50,87.32,8.35,6.60,9.82
0000000000f9_008c 1400580447.59 3,3,4,4,4,4 12.76,49.64,9.51,92.68,9.50,7.44
0000000000f9_0052 1400580097.61 4,13,3,4,4 8.50,87.32,8.35,6.60,9.82
0000000000f9_008c 1400580497.64 3,3,4,4,4,4 11.77,26.08,5.47,92.68,8.44,8.15
0000000000f9_0051 1400579351.01 8,13,14,6,14 87.55,12.72,27.35,16.05,14.12
0000000000f9_0052 1400580147.62 4,13,3,4 53.23,87.32,141.67,448.76
0000000000f9_0052 1400580197.65 4,13,3,4 53.23,87.32,141.67,448.76
0000000000f9_003a 1400579599.84 4,4,2,4,2,2 17.86,30.29,10.57,10.14,18.18,6.89
0000000000f9_0052 1400580247.7 4,13,3,4 53.23,87.32,141.67,448.76
0000000000f9_0051 1400579401.06 8,13,14,6,14 87.55,17.48,21.36,18.03,14.12
0000000000f9_0052 1400580297.75 4,13,3,4,4 53.23,87.32,8.77,8.04,6.46
0000000000f9_0052 1400580347.8 4,13,3,4,4 53.23,87.32,8.77,8.04,6.46
0000000000f9_0051 1400579451.11 8,13,14,6,14 87.55,17.48,21.36,18.03,15.20
0000000000f9_0052 1400580397.85 4,13,3,4,4 53.23,87.32,8.77,8.04,6.46
0000000000f9_003a 1400579649.89 4,4,2,4,2,2 17.86,30.29,10.57,10.14,19.45,6.89
0000000000f9_0052 1400580447.9 4,13,3,4,4 53.23,87.32,8.77,8.04,6.46
0000000000f9_0051 1400579501.16 8,13,14,6,14 87.55,17.48,21.36,18.03,15.20
0000000000f9_0052 1400580497.95 4,13,3,4,4 53.23,87.32,8.08,6.51,13.26
0000000000f9_0051 1400579551.21 8,13,14,6,14 87.55,17.48,21.36,18.03,15.20
0000000000f9_003a 1400579699.95 4,4,2,4,2,2 17.86,30.29,10.57,10.14,19.45,6.89
0000000000f9_0051 1400579601.21 8,13,14,6,14 87.55,14.99,13.48,16.83,14.13
0000000000f9_003a 1400579750.01 4,4,2,4,2,2 17.86,30.29,10.57,10.14,19.45,6.89
0000000000f9_0051 1400579651.26 8,13,14,6,14 87.55,14.99,13.48,16.83,14.13
0000000000f9_0051 1400579701.31 8,13,14,6,14 87.55,14.99,13.48,16.83,14.13
0000000000f9_003a 1400579800.07 4,4,2,4,2,2 17.86,30.29,16.03,18.25,10.56,6.87
0000000000f9_0051 1400579751.36 8,13,14,6,14 87.55,14.99,13.48,17.58,14.13
0000000000f9_0051 1400579801.41 8,13,14,6,14 87.55,14.76,15.11,17.58,15.55
0000000000f9_003a 1400579850.12 4,4,2,4,2,2 17.86,30.29,16.03,18.25,10.56,6.87
0000000000f9_0051 1400579851.46 8,13,14,6,14 87.55,14.76,15.11,17.58,15.55
0000000000f9_003a 1400579900.18 4,4,2,4,2,2 17.86,30.29,16.03,18.25,10.56,6.87
0000000000f9_0051 1400579901.51 8,13,14,6,14 87.55,14.76,15.11,17.58,15.55
0000000000f9_0051 1400579951.52 8,13,14,6,14 87.55,13.70,12.77,13.57,13.29
0000000000f9_003a 1400579950.24 4,4,2,4,2,2 17.86,30.29,16.03,18.25,10.56,7.04
0000000000f9_0051 1400580001.57 8,13,14,6,14 87.55,13.70,12.77,13.57,13.29
0000000000f9_003a 1400580000.3 4,4,2,4,2,2 17.86,30.29,16.77,10.53,10.24,7.04
0000000000f9_0051 1400580051.62 8,13,14,6,14 87.55,13.70,12.77,13.57,13.29
0000000000f9_0051 1400580101.67 8,13,14,6,14 87.55,13.70,12.77,13.57,13.29
0000000000f9_003a 1400580050.36 4,4,2,4,2,2 17.86,30.29,16.77,10.53,10.24,7.04
0000000000f9_0051 1400580151.72 8,13,14,6,14 87.55,22.79,15.59,20.14,21.77
0000000000f9_0051 1400580201.77 8,13,14,6,14 87.55,22.79,15.59,20.14,21.77
0000000000f9_003a 1400580100.41 4,4,2,4,2,2 17.86,30.29,16.77,10.53,10.24,7.04
0000000000f9_0051 1400580251.82 8,13,14,6,14 87.55,22.79,15.59,20.14,21.77
0000000000f9_003a 1400580150.47 4,4,2,4,2,2 17.86,30.29,6.81,164.31,10.24,7.88
0000000000f9_0051 1400580301.87 8,13,14,6,14 87.55,12.88,15.59,12.51,21.77
0000000000f9_0051 1400580351.92 8,13,14,6,14 87.55,12.88,13.74,12.51,13.55
0000000000f9_003a 1400580200.53 4,4,2,4,2,2 17.86,30.29,6.81,164.31,17.87,7.88
0000000000f9_0051 1400580401.97 8,13,14,6,14 87.55,12.88,13.74,12.51,13.55
0000000000f9_0051 1400580452.02 8,13,14,6,14 87.55,12.88,13.74,12.51,13.55
0000000000f9_003a 1400580250.59 4,4,2,4,2,2 17.86,30.29,6.81,164.31,17.87,7.88
0000000000f9_0051 1400580502.07 8,13,14,6,14 86.40,12.88,14.17,12.19,24.08
0000000000f9_003a 1400580300.64 4,4,2,4,2,2 17.86,30.29,6.81,164.31,17.87,7.88
0000000000f9_003a 1400580350.7 4,4,2,4,2,2 17.86,10.49,6.48,12.13,10.93,6.98
0000000000f9_0007 1400579395.95 4,7,4,4,4,4 5.65,84.72,19.30,5.17,4.87,6.86
0000000000f9_0007 1400579446.0 4,7,4,4,4,4 5.65,84.72,19.30,4.48,4.74,5.84
0000000000f9_0007 1400579496.02 4,7,4,4,4,4 5.65,84.72,19.30,4.48,4.74,5.84
0000000000f9_003a 1400580400.76 4,4,2,4,2,2 17.86,10.49,6.48,12.13,10.93,6.98
0000000000f9_0007 1400579546.07 4,7,4,4,4,4 5.65,84.72,19.30,4.48,4.74,5.84
0000000000f9_0007 1400579596.08 4,7,4,4,4,4 13.35,85.28,53.25,5.32,5.08,7.41
0000000000f9_0007 1400579646.13 4,7,4,4,4,4 13.35,85.28,53.25,5.32,5.08,7.41
0000000000f9_0007 1400579696.18 4,7,4,4,4,4 13.35,85.28,53.25,5.32,5.08,7.41
0000000000f9_003a 1400580450.82 4,4,2,4,2,2 17.86,10.49,6.48,12.13,10.93,6.98
0000000000f9_0007 1400579746.23 4,7,4,4,4,4 13.35,85.28,53.25,5.32,5.08,7.41
0000000000f9_0007 1400579796.28 4,7,4,4,4,4 4.85,86.25,53.25,4.79,5.23,5.66
0000000000f9_0007 1400579846.33 4,7,4,4,4,4 4.85,86.25,53.25,4.79,5.23,5.66
0000000000f9_0007 1400579896.38 4,7,4,4,4,4 4.85,86.25,53.25,4.79,5.23,5.66
0000000000f9_003a 1400580500.87 4,4,2,4,2,2 17.86,11.91,6.48,12.13,10.93,6.92
0000000000f9_0007 1400579946.4 4,7,4,4,4,4 5.01,84.85,36.81,4.76,5.23,5.66
0000000000f9_0096 1400579246.8 3,3,4,4,4 18.88,9.92,11.29,8.58,9.88
0000000000f9_00b0 1400579230.14
0000000000f9_0007 1400579996.42 4,7,4,4,4,4 5.01,84.85,36.81,4.76,4.95,8.80
0000000000f9_00b0 1400579280.2 9 146.12
0000000000f9_0096 1400579296.85 3,3,4,4,4 18.88,9.92,11.29,8.58,9.88
0000000000f9_0007 1400580046.47 4,7,4,4,4,4 5.01,84.85,36.81,4.76,4.95,8.80
0000000000f9_00b0 1400579330.21 9 146.12
0000000000f9_00b0 1400579380.26 9 146.12
0000000000f9_0096 1400579346.9 3,3,4,4,4 18.88,9.92,11.29,8.58,9.88
0000000000f9_0007 1400580096.47 4,7,4,4,4,4 5.01,84.85,36.81,4.76,4.95,8.80
0000000000f9_00b0 1400579430.31 9 169.14
0000000000f9_00b0 1400579480.36 9 169.14
0000000000f9_0007 1400580146.48 4,7,4,4,4,4 13.61,96.94,73.26,335.94,5.15,18.24
0000000000f9_0096 1400579396.91 3,3,4,4,4 18.88,13.06,11.29,7.43,18.45
0000000000f9_00b0 1400579530.41 9 169.14
0000000000f9_0007 1400580196.53 4,7,4,4,4,4 13.61,96.94,73.26,335.94,5.15,18.24
0000000000f9_00b0 1400579580.45 9 169.14
0000000000f9_00b0 1400579630.5 9 131.87
0000000000f9_0096 1400579446.93 3,3,4,4,4 18.88,13.06,39.62,7.43,18.45
0000000000f9_0007 1400580246.58 4,7,4,4,4,4 13.61,96.94,73.26,335.94,5.15,18.24
0000000000f9_00b0 1400579680.56 9 131.87
0000000000f9_0096 1400579496.97 3,3,4,4,4 18.88,13.06,39.62,7.43,18.45
0000000000f9_00b0 1400579730.61 9 131.87
0000000000f9_0007 1400580296.63 4,7,4,4,4,4 5.13,96.94,41.31,335.94,5.15,18.24
0000000000f9_00b0 1400579780.66 9 131.87
0000000000f9_00b0 1400579830.7 9 189.66
0000000000f9_0007 1400580346.68 4,7,4,4,4,4 5.13,84.61,41.31,33.25,6.17,5.72
0000000000f9_0096 1400579547.0 3,3,4,4,4 18.88,13.06,39.62,7.43,18.45
0000000000f9_00b0 1400579880.75 9 189.66
0000000000f9_0007 1400580396.73 4,7,4,4,4,4 5.13,84.61,41.31,33.25,6.17,5.72
0000000000f9_00b0 1400579930.8 9 189.66
0000000000f9_0096 1400579597.05 3,3,4,4,4 18.88,7.48,1033.07,25.16,8.76
0000000000f9_00b0 1400579980.85 9 192.73
0000000000f9_0007 1400580446.78 4,7,4,4,4,4 5.13,84.61,41.31,33.25,6.17,5.72
0000000000f9_00b0 1400580030.88 9 192.73
0000000000f9_00b0 1400580080.93 9 192.73
0000000000f9_0007 1400580496.83 4,7,4,4,4,4 4.63,84.76,41.67,5.65,4.86,5.72
0000000000f9_0096 1400579647.08 3,3,4,4,4 18.88,7.48,1033.07,25.16,8.76
0000000000f9_00b0 1400580130.98 9 192.73
0000000000f9_00b0 1400580181.03 9 129.08
0000000000f9_0096 1400579697.13 3,3,4,4,4 18.88,7.48,1033.07,25.16,8.76
0000000000f9_00b0 1400580231.08 9 129.08
0000000000f9_00b0 1400580281.13 9 129.08
0000000000f9_0096 1400579747.18 3,3,4,4,4 18.88,8.62,1033.07,25.16,8.76
0000000000f9_00b0 1400580331.18 9 129.08
0000000000f9_00b0 1400580381.24 9 181.36
0000000000f9_0096 1400579797.23 3,3,4,4,4 11.40,8.62,40.22,7.28,23.67
0000000000f9_00b0 1400580431.24 9 181.36
0000000000f9_00b0 1400580481.29 9 181.36
0000000000f9_0096 1400579847.28 3,3,4,4,4 11.40,8.62,40.22,7.28,23.67
0000000000f9_00b0 1400580531.35 9 139.72
0000000000f9_0096 1400579897.33 3,3,4,4,4 11.40,8.62,40.22,7.28,23.67
0000000000f9_0096 1400579947.37 3,3,4,4,4 11.55,7.51,40.22,5.96,6.22
0000000000f9_0096 1400579997.42 3,3,4,4,4 11.55,7.51,48.04,5.96,6.22
0000000000f9_0096 1400580047.46 3,3,4,4,4 11.55,7.51,48.04,5.96,6.22
0000000000f9_0096 1400580097.51 3,3,4,4,4 11.55,7.51,48.04,5.96,6.22
0000000000f9_0096 1400580147.56 3,3,4,4 266.81,421.97,502.80,370.60
0000000000f9_0096 1400580197.61 3,3,4,4 266.81,421.97,502.80,370.60
0000000000f9_0096 1400580247.66 3,3,4,4 266.81,421.97,502.80,370.60
0000000000f9_0096 1400580297.71 3,3,4,4 266.81,8.44,502.80,370.60
0000000000f9_0096 1400580347.76 3,3,4,4,4 266.81,8.44,1037.49,6.98,5.84
0000000000f9_0096 1400580397.82 3,3,4,4,4 266.81,8.44,1037.49,6.98,5.84
0000000000f9_0096 1400580447.87 3,3,4,4,4 266.81,8.44,1037.49,6.98,5.84
0000000000f9_0096 1400580497.92 3,3,4,4,4 266.81,27.33,1037.49,6.00,5.87
0000000000f9_007f 1400586572.51
0000000000f9_007f 1400586610.67
0000000000f9_007f 1400586622.54
0000000000f9_007f 1400586660.72
0000000000f9_007f 1400586672.59
0000000000f9_007f 1400586710.76
0000000000f9_007f 1400586722.64
0000000000f9_007f 1400586760.76
0000000000f9_007f 1400586772.69
0000000000f9_007f 1400586810.81
0000000000f9_007f 1400586822.74
0000000000f9_007f 1400586860.86
0000000000f9_007f 1400586872.79
0000000000f9_007f 1400586910.91
0000000000f9_007f 1400586922.84
0000000000f9_007f 1400586960.96
0000000000f9_007f 1400586972.89
0000000000f9_007f 1400587011.01
0000000000f9_007f 1400587022.91
0000000000f9_007f 1400587061.02
0000000000f9_007f 1400587072.95
0000000000f9_007f 1400587111.06
0000000000f9_007f 1400587123.0
0000000000f9_007f 1400587161.1
0000000000f9_007f 1400587173.05
0000000000f9_007f 1400587211.14
0000000000f9_007f 1400587223.11
0000000000f9_007f 1400587261.17
0000000000f9_007f 1400587273.16
0000000000f9_007f 1400587311.22
0000000000f9_007f 1400587323.21
0000000000f9_007f 1400587361.26
0000000000f9_007f 1400587373.23
0000000000f9_007f 1400587411.31
0000000000f9_007f 1400587423.28
0000000000f9_007f 1400587461.31
0000000000f9_007f 1400587473.33
0000000000f9_007f 1400587511.36
0000000000f9_007f 1400587523.38
0000000000f9_007f 1400587561.41
0000000000f9_007f 1400587573.43
0000000000f9_007f 1400587611.46
0000000000f9_007f 1400587623.46
0000000000f9_007f 1400587661.51
0000000000f9_007f 1400587673.5
0000000000f9_007f 1400587711.52
0000000000f9_007f 1400587723.55
0000000000f9_007f 1400587761.57
0000000000f9_007f 1400587773.6
0000000000f9_007f 1400587811.62
0000000000f9_007f 1400587823.64
0000000000f9_007f 1400587861.67
0000000000f9_007f 1400587873.69
0000000000f9_00c6 1400579392.13
0000000000f9_00c6 1400579442.17 10,10,10,12,10 2114.82,1512.37,1182.11,1342.83,1336.05
0000000000f9_00c6 1400579492.17 10,10,10,12,10 2114.82,1512.37,1182.11,1342.83,1336.05
0000000000f9_00c6 1400579542.18 10,10,10,12,10 2114.82,1512.37,1182.11,1342.83,1336.05
0000000000f9_00c6 1400579592.21 10,10,10,12,10 2114.82,1512.37,1182.11,627.30,1684.46
0000000000f9_00c6 1400579642.23 10,10,12,10 2114.82,906.88,627.30,1684.46
0000000000f9_00c6 1400579692.27 10,10,12,10 2114.82,906.88,627.30,1684.46
0000000000f9_00c6 1400579742.28 10,10,12,10 2114.82,906.88,627.30,1684.46
0000000000f9_00c6 1400579792.33 10,10 2114.82,1044.80
0000000000f9_00c6 1400579842.39 10,10 2114.82,1044.80
0000000000f9_00c6 1400579892.43 10,10 2114.82,1044.80
0000000000f9_00c6 1400579942.45 10,10 387.40,1044.80
0000000000f9_00c6 1400579992.5 10,10,10,10,10 387.40,1620.27,1611.31,346.98,1601.73
0000000000f9_00c6 1400580042.55 10,10,10,10,10 387.40,1620.27,1611.31,346.98,1601.73
0000000000f9_00c6 1400580092.59 10,10,10,10,10 387.40,1620.27,1611.31,346.98,1601.73
0000000000f9_00c6 1400580142.65 10,10,10,10 1159.51,1611.31,346.98,1601.73
0000000000f9_00c6 1400580192.7 10,10,10,10 1159.51,594.56,1519.82,1706.96
0000000000f9_00c6 1400580242.74 10,10,10,10 1159.51,594.56,1519.82,1706.96
0000000000f9_00c6 1400580292.79 10,10,10,10 1159.51,594.56,1519.82,1706.96
0000000000f9_00c6 1400580342.84 10,10,10,10,10 478.26,1070.10,1067.67,1519.82,1706.96
0000000000f9_00c6 1400580392.9 10,10,10,10,10 478.26,1070.10,1067.67,1945.85,834.15
0000000000f9_00c6 1400580442.95 10,10,10,10,10 478.26,1070.10,1067.67,1945.85,834.15
0000000000f9_00c6 1400580492.96 10,10,10,10 1070.10,1067.67,1945.85,834.15
0000000000f9_00c6 1400580543.01 10,10,10,10,10 508.47,1734.60,1629.32,542.85,1017.49
